==========================================================================================
Information: 
Exchange parameters generated by TB2J 0.8.2.1
Generation time: 24/04/08 18:25:37
 Input from collinear Wannier90 data.
 Tight binding data from ./. 
 Prefix of wannier function files:FeO_up and FeO_down.
Warning: Please check if the noise level of Wannier function Hamiltonian to make sure it is much smaller than the exchange values.

==========================================================================================
Cell (Angstrom):
2.16698067  2.16698067  4.33396134
2.16698067  4.33396134  2.16698067
4.33396134  2.16698067  2.16698067

==========================================================================================
Atoms:  
(Note: charge and magmoms only count the wannier functions.)
Atom number        x             y             z       w_charge  w_magmom 
O1              2.16698067    2.16698067    2.16698067    5.8503   -0.0001
O2              6.50094200    6.50094200    6.50094200    5.8503    0.0001
Fe1             0.00000000    0.00000000    0.00000000    8.0995    3.7586
Fe2             4.33396134    4.33396134    4.33396134    8.0995   -3.7586
Total                                                    27.8997    0.0000

==========================================================================================
Orbitals used in decomposition: 
The name of the orbitals for the decomposition: 
Fe1 : ['orb_1', 'orb_2', 'orb_3', 'orb_4', 'orb_5', 'orb_6']
Fe2 : ['orb_1', 'orb_2', 'orb_3', 'orb_4', 'orb_5', 'orb_6']

==========================================================================================
Exchange: 
    i      j          R        J_iso(meV)          vector          distance(A) 
----------------------------------------------------------------------------------------
   Fe1   Fe2   ( -1,   0,   0) -0.5034   ( 2.167,  2.167,  0.000)  3.065 
J_iso: -0.5034 
Orbital contributions:
 isotropic J:
 [[-0.129 -0.121 -0.124  0.    -0.204 -0.   ]
 [-0.122  0.018 -0.13   0.005  0.036 -0.   ]
 [-0.128 -0.126  0.017  0.001  0.038 -0.   ]
 [-0.     0.001  0.003 -0.043 -0.    -0.001]
 [-0.208  0.039  0.034 -0.     0.636 -0.001]
 [-0.005  0.001 -0.     0.01   0.001 -0.   ]] 
----------------------------------------------------------------------------------------
   Fe1   Fe1   ( -1,   0,   1) -0.3723   ( 2.167,  0.000, -2.167)  3.065 
J_iso: -0.3723 
Orbital contributions:
 isotropic J:
 [[-0.109 -0.097 -0.005 -0.024  0.001  0.001]
 [-0.09   0.534  0.038 -0.266  0.039  0.001]
 [ 0.015 -0.579  0.179 -0.04   0.394 -0.   ]
 [-0.029 -0.308 -0.    -0.017 -0.005  0.001]
 [-0.025 -0.568  0.385  0.009  0.178  0.   ]
 [ 0.014  0.001  0.     0.    -0.    -0.   ]] 
----------------------------------------------------------------------------------------
   Fe1   Fe1   ( -1,   1,   0) -0.4143   ( 0.000,  2.167, -2.167)  3.065 
J_iso: -0.4143 
Orbital contributions:
 isotropic J:
 [[-0.112 -0.004 -0.118 -0.018  0.003 -0.   ]
 [ 0.018  0.178 -0.566 -0.034  0.382  0.001]
 [-0.083  0.041  0.532 -0.283  0.037 -0.001]
 [-0.021 -0.    -0.304 -0.019 -0.007  0.   ]
 [-0.028  0.395 -0.582  0.     0.178 -0.001]
 [-0.     0.     0.003 -0.001 -0.    -0.   ]] 
----------------------------------------------------------------------------------------
   Fe1   Fe2   (  0,  -1,   0) -0.5035   ( 2.167,  0.000,  2.167)  3.065 
J_iso: -0.5035 
Orbital contributions:
 isotropic J:
 [[-0.062 -0.046 -0.073 -0.005  0.019 -0.   ]
 [-0.058  0.636  0.034 -0.15   0.039 -0.001]
 [-0.084  0.039  0.018 -0.044 -0.127 -0.   ]
 [-0.002 -0.157 -0.049 -0.101 -0.139 -0.001]
 [ 0.018  0.036 -0.13  -0.135  0.018 -0.   ]
 [ 0.005  0.001 -0.    -0.     0.001 -0.   ]] 
----------------------------------------------------------------------------------------
   Fe1   Fe1   (  0,  -1,   1) -0.3718   ( 2.167, -2.167,  0.000)  3.065 
J_iso: -0.3718 
Orbital contributions:
 isotropic J:
 [[ 0.012 -0.002 -0.005 -0.    -0.401  0.   ]
 [-0.016  0.178  0.385  0.    -0.57   0.   ]
 [-0.023  0.394  0.179 -0.002 -0.581 -0.   ]
 [ 0.    -0.002 -0.001 -0.191  0.     0.002]
 [-0.355  0.038  0.037  0.     0.537  0.001]
 [-0.002 -0.     0.     0.016  0.001 -0.   ]] 
----------------------------------------------------------------------------------------
   Fe1   Fe2   (  0,   0,  -1) -0.5024   ( 0.000,  2.167,  2.167)  3.065 
J_iso: -0.5024 
Orbital contributions:
 isotropic J:
 [[-0.057 -0.076 -0.054 -0.005  0.019 -0.   ]
 [-0.074  0.018  0.038 -0.043 -0.13   0.   ]
 [-0.049  0.037  0.637 -0.148  0.037  0.   ]
 [-0.005 -0.044 -0.163 -0.108 -0.139 -0.   ]
 [ 0.018 -0.13   0.038 -0.135  0.018  0.   ]
 [-0.    -0.     0.    -0.    -0.    -0.   ]] 
----------------------------------------------------------------------------------------
   Fe2   Fe1   (  0,   0,   1) -0.5024   ( 0.000, -2.167, -2.167)  3.065 
J_iso: -0.5024 
Orbital contributions:
 isotropic J:
 [[-0.057 -0.074 -0.049 -0.005  0.018 -0.   ]
 [-0.076  0.018  0.037 -0.044 -0.13  -0.   ]
 [-0.054  0.038  0.637 -0.163  0.038  0.   ]
 [-0.005 -0.043 -0.148 -0.108 -0.135 -0.   ]
 [ 0.019 -0.13   0.037 -0.139  0.018 -0.   ]
 [-0.     0.     0.    -0.     0.    -0.   ]] 
----------------------------------------------------------------------------------------
   Fe1   Fe1   (  0,   1,  -1) -0.3718   (-2.167,  2.167,  0.000)  3.065 
J_iso: -0.3718 
Orbital contributions:
 isotropic J:
 [[ 0.012 -0.016 -0.023  0.    -0.355 -0.002]
 [-0.002  0.178  0.394 -0.002  0.038 -0.   ]
 [-0.005  0.385  0.179 -0.001  0.037  0.   ]
 [-0.     0.    -0.002 -0.191  0.     0.016]
 [-0.401 -0.57  -0.581  0.     0.537  0.001]
 [ 0.     0.    -0.     0.002  0.001 -0.   ]] 
----------------------------------------------------------------------------------------
   Fe2   Fe1   (  0,   1,   0) -0.5035   (-2.167,  0.000, -2.167)  3.065 
J_iso: -0.5035 
Orbital contributions:
 isotropic J:
 [[-0.062 -0.058 -0.084 -0.002  0.018  0.005]
 [-0.046  0.636  0.039 -0.157  0.036  0.001]
 [-0.073  0.034  0.018 -0.049 -0.13  -0.   ]
 [-0.005 -0.15  -0.044 -0.101 -0.135 -0.   ]
 [ 0.019  0.039 -0.127 -0.139  0.018  0.001]
 [-0.    -0.001 -0.    -0.001 -0.    -0.   ]] 
----------------------------------------------------------------------------------------
   Fe1   Fe1   (  1,  -1,   0) -0.4143   ( 0.000, -2.167,  2.167)  3.065 
J_iso: -0.4143 
Orbital contributions:
 isotropic J:
 [[-0.112  0.018 -0.083 -0.021 -0.028 -0.   ]
 [-0.004  0.178  0.041 -0.     0.395  0.   ]
 [-0.118 -0.566  0.532 -0.304 -0.582  0.003]
 [-0.018 -0.034 -0.283 -0.019  0.    -0.001]
 [ 0.003  0.382  0.037 -0.007  0.178 -0.   ]
 [-0.     0.001 -0.001  0.    -0.001 -0.   ]] 
----------------------------------------------------------------------------------------
   Fe1   Fe1   (  1,   0,  -1) -0.3723   (-2.167,  0.000,  2.167)  3.065 
J_iso: -0.3723 
Orbital contributions:
 isotropic J:
 [[-0.109 -0.09   0.015 -0.029 -0.025  0.014]
 [-0.097  0.534 -0.579 -0.308 -0.568  0.001]
 [-0.005  0.038  0.179 -0.     0.385  0.   ]
 [-0.024 -0.266 -0.04  -0.017  0.009  0.   ]
 [ 0.001  0.039  0.394 -0.005  0.178 -0.   ]
 [ 0.001  0.001 -0.     0.001  0.    -0.   ]] 
----------------------------------------------------------------------------------------
   Fe2   Fe1   (  1,   0,   0) -0.5034   (-2.167, -2.167,  0.000)  3.065 
J_iso: -0.5034 
Orbital contributions:
 isotropic J:
 [[-0.129 -0.122 -0.128 -0.    -0.208 -0.005]
 [-0.121  0.018 -0.126  0.001  0.039  0.001]
 [-0.124 -0.13   0.017  0.003  0.034 -0.   ]
 [ 0.     0.005  0.001 -0.043 -0.     0.01 ]
 [-0.204  0.036  0.038 -0.     0.636  0.001]
 [-0.    -0.    -0.    -0.001 -0.001 -0.   ]] 
----------------------------------------------------------------------------------------
   Fe1   Fe2   ( -1,  -1,   0) -0.5024   ( 0.000, -2.167, -2.167)  3.065 
J_iso: -0.5024 
Orbital contributions:
 isotropic J:
 [[-0.057 -0.074 -0.049 -0.005  0.018 -0.   ]
 [-0.076  0.018  0.037 -0.044 -0.13  -0.   ]
 [-0.054  0.038  0.637 -0.163  0.038  0.   ]
 [-0.005 -0.043 -0.148 -0.108 -0.135 -0.   ]
 [ 0.019 -0.13   0.037 -0.139  0.018 -0.   ]
 [-0.     0.     0.    -0.     0.    -0.   ]] 
----------------------------------------------------------------------------------------
   Fe1   Fe2   ( -1,   0,  -1) -0.5035   (-2.167,  0.000, -2.167)  3.065 
J_iso: -0.5035 
Orbital contributions:
 isotropic J:
 [[-0.062 -0.058 -0.084 -0.002  0.018  0.005]
 [-0.046  0.636  0.039 -0.157  0.036  0.001]
 [-0.073  0.034  0.018 -0.049 -0.13  -0.   ]
 [-0.005 -0.15  -0.044 -0.101 -0.135 -0.   ]
 [ 0.019  0.039 -0.127 -0.139  0.018  0.001]
 [-0.    -0.001 -0.    -0.001 -0.    -0.   ]] 
----------------------------------------------------------------------------------------
   Fe2   Fe2   ( -1,   0,   1) -0.3724   ( 2.167,  0.000, -2.167)  3.065 
J_iso: -0.3724 
Orbital contributions:
 isotropic J:
 [[-0.093 -0.086  0.018 -0.022 -0.026 -0.003]
 [-0.106  0.533 -0.568 -0.291 -0.576 -0.005]
 [-0.004  0.04   0.177 -0.     0.391  0.001]
 [-0.016 -0.273 -0.035 -0.012  0.004 -0.005]
 [ 0.002  0.037  0.384 -0.008  0.178  0.001]
 [-0.011  0.002 -0.001  0.     0.003 -0.001]] 
----------------------------------------------------------------------------------------
   Fe2   Fe2   ( -1,   1,   0) -0.4144   ( 0.000,  2.167, -2.167)  3.065 
J_iso: -0.4144 
Orbital contributions:
 isotropic J:
 [[-0.112  0.014 -0.101 -0.018 -0.026 -0.   ]
 [-0.006  0.178  0.037  0.001  0.382 -0.   ]
 [-0.095 -0.582  0.532 -0.326 -0.566  0.003]
 [-0.02  -0.041 -0.266 -0.019  0.01  -0.   ]
 [ 0.001  0.395  0.041 -0.005  0.178  0.   ]
 [ 0.    -0.001 -0.001  0.     0.001 -0.   ]] 
----------------------------------------------------------------------------------------
   Fe1   Fe2   (  0,  -1,  -1) -0.5034   (-2.167, -2.167,  0.000)  3.065 
J_iso: -0.5034 
Orbital contributions:
 isotropic J:
 [[-0.129 -0.122 -0.128 -0.    -0.208 -0.005]
 [-0.121  0.018 -0.126  0.001  0.039  0.001]
 [-0.124 -0.13   0.017  0.003  0.034 -0.   ]
 [ 0.     0.005  0.001 -0.043 -0.     0.01 ]
 [-0.204  0.036  0.038 -0.     0.636  0.001]
 [-0.    -0.    -0.    -0.001 -0.001 -0.   ]] 
----------------------------------------------------------------------------------------
   Fe2   Fe2   (  0,  -1,   1) -0.3719   ( 2.167, -2.167,  0.000)  3.065 
J_iso: -0.3719 
Orbital contributions:
 isotropic J:
 [[ 0.012 -0.023 -0.017 -0.    -0.358 -0.001]
 [-0.005  0.177  0.384 -0.     0.036  0.001]
 [-0.004  0.391  0.177 -0.     0.039  0.001]
 [ 0.     0.     0.    -0.156 -0.    -0.008]
 [-0.392 -0.577 -0.57  -0.     0.536 -0.005]
 [ 0.001  0.003 -0.001 -0.012  0.002 -0.001]] 
----------------------------------------------------------------------------------------
   Fe2   Fe2   (  0,   1,  -1) -0.3719   (-2.167,  2.167,  0.000)  3.065 
J_iso: -0.3719 
Orbital contributions:
 isotropic J:
 [[ 0.012 -0.005 -0.004  0.    -0.392  0.001]
 [-0.023  0.177  0.391  0.    -0.577  0.003]
 [-0.017  0.384  0.177  0.    -0.57  -0.001]
 [-0.    -0.    -0.    -0.156 -0.    -0.012]
 [-0.358  0.036  0.039 -0.     0.536  0.002]
 [-0.001  0.001  0.001 -0.008 -0.005 -0.001]] 
----------------------------------------------------------------------------------------
   Fe2   Fe1   (  0,   1,   1) -0.5034   ( 2.167,  2.167,  0.000)  3.065 
J_iso: -0.5034 
Orbital contributions:
 isotropic J:
 [[-0.129 -0.121 -0.124  0.    -0.204 -0.   ]
 [-0.122  0.018 -0.13   0.005  0.036 -0.   ]
 [-0.128 -0.126  0.017  0.001  0.038 -0.   ]
 [-0.     0.001  0.003 -0.043 -0.    -0.001]
 [-0.208  0.039  0.034 -0.     0.636 -0.001]
 [-0.005  0.001 -0.     0.01   0.001 -0.   ]] 
----------------------------------------------------------------------------------------
   Fe2   Fe2   (  1,  -1,   0) -0.4144   ( 0.000, -2.167,  2.167)  3.065 
J_iso: -0.4144 
Orbital contributions:
 isotropic J:
 [[-0.112 -0.006 -0.095 -0.02   0.001  0.   ]
 [ 0.014  0.178 -0.582 -0.041  0.395 -0.001]
 [-0.101  0.037  0.532 -0.266  0.041 -0.001]
 [-0.018  0.001 -0.326 -0.019 -0.005  0.   ]
 [-0.026  0.382 -0.566  0.01   0.178  0.001]
 [-0.    -0.     0.003 -0.     0.    -0.   ]] 
----------------------------------------------------------------------------------------
   Fe2   Fe2   (  1,   0,  -1) -0.3724   (-2.167,  0.000,  2.167)  3.065 
J_iso: -0.3724 
Orbital contributions:
 isotropic J:
 [[-0.093 -0.106 -0.004 -0.016  0.002 -0.011]
 [-0.086  0.533  0.04  -0.273  0.037  0.002]
 [ 0.018 -0.568  0.177 -0.035  0.384 -0.001]
 [-0.022 -0.291 -0.    -0.012 -0.008  0.   ]
 [-0.026 -0.576  0.391  0.004  0.178  0.003]
 [-0.003 -0.005  0.001 -0.005  0.001 -0.001]] 
----------------------------------------------------------------------------------------
   Fe2   Fe1   (  1,   0,   1) -0.5035   ( 2.167,  0.000,  2.167)  3.065 
J_iso: -0.5035 
Orbital contributions:
 isotropic J:
 [[-0.062 -0.046 -0.073 -0.005  0.019 -0.   ]
 [-0.058  0.636  0.034 -0.15   0.039 -0.001]
 [-0.084  0.039  0.018 -0.044 -0.127 -0.   ]
 [-0.002 -0.157 -0.049 -0.101 -0.139 -0.001]
 [ 0.018  0.036 -0.13  -0.135  0.018 -0.   ]
 [ 0.005  0.001 -0.    -0.     0.001 -0.   ]] 
----------------------------------------------------------------------------------------
   Fe2   Fe1   (  1,   1,   0) -0.5024   ( 0.000,  2.167,  2.167)  3.065 
J_iso: -0.5024 
Orbital contributions:
 isotropic J:
 [[-0.057 -0.076 -0.054 -0.005  0.019 -0.   ]
 [-0.074  0.018  0.038 -0.043 -0.13   0.   ]
 [-0.049  0.037  0.637 -0.148  0.037  0.   ]
 [-0.005 -0.044 -0.163 -0.108 -0.139 -0.   ]
 [ 0.018 -0.13   0.038 -0.135  0.018  0.   ]
 [-0.    -0.     0.    -0.    -0.    -0.   ]] 
----------------------------------------------------------------------------------------
   Fe1   Fe2   ( -2,   0,   0) -13.6581   ( 0.000,  0.000, -4.334)  4.334 
J_iso: -13.6581 
Orbital contributions:
 isotropic J:
 [[-13.852   0.017   0.011  -0.      0.138   0.004]
 [  0.012   0.078  -0.179   0.003   0.015  -0.   ]
 [  0.015  -0.186   0.078   0.003   0.016  -0.   ]
 [ -0.      0.004   0.004   0.008   0.      0.   ]
 [  0.129   0.016   0.015  -0.     -0.009  -0.   ]
 [  0.003   0.      0.      0.     -0.      0.   ]] 
----------------------------------------------------------------------------------------
   Fe1   Fe2   ( -1,  -1,   1) -13.4407   ( 4.334, -0.000, -0.000)  4.334 
J_iso: -13.4407 
Orbital contributions:
 isotropic J:
 [[-0.84  -0.002  0.034 -2.535  0.016 -0.004]
 [-0.005  0.079  0.016  0.023 -0.182 -0.   ]
 [ 0.032  0.016 -0.009  0.096  0.016  0.   ]
 [-2.536  0.022  0.101 -7.605  0.004 -0.011]
 [ 0.016 -0.182  0.016  0.001  0.08  -0.   ]
 [-0.025  0.     0.002 -0.074  0.    -0.   ]] 
----------------------------------------------------------------------------------------
   Fe1   Fe2   ( -1,   1,  -1) -13.6576   ( 0.000,  4.334,  0.000)  4.334 
J_iso: -13.6576 
Orbital contributions:
 isotropic J:
 [[-0.851  0.037 -0.003 -2.549  0.017  0.   ]
 [ 0.03  -0.01   0.016  0.105  0.015 -0.   ]
 [-0.003  0.016  0.078  0.019 -0.179  0.   ]
 [-2.548  0.089  0.022 -7.896 -0.001  0.003]
 [ 0.015  0.016 -0.186  0.007  0.079  0.   ]
 [ 0.001 -0.    -0.     0.003 -0.     0.   ]] 
----------------------------------------------------------------------------------------
   Fe2   Fe1   ( -1,   1,   1) -13.6581   ( 0.000,  0.000, -4.334)  4.334 
J_iso: -13.6581 
Orbital contributions:
 isotropic J:
 [[-13.827   0.022   0.022  -0.      0.157  -0.049]
 [  0.021   0.012  -0.089   0.003   0.003   0.002]
 [  0.022  -0.091   0.011   0.004   0.005  -0.   ]
 [ -0.      0.004   0.004   0.008   0.     -0.   ]
 [  0.153   0.005   0.003  -0.     -0.012  -0.004]
 [ -0.046  -0.001   0.      0.      0.002  -0.   ]] 
----------------------------------------------------------------------------------------
   Fe1   Fe2   (  0,  -2,   0) -13.6576   ( 0.000, -4.334,  0.000)  4.334 
J_iso: -13.6576 
Orbital contributions:
 isotropic J:
 [[-0.851  0.03  -0.003 -2.548  0.015  0.001]
 [ 0.037 -0.01   0.016  0.089  0.016 -0.   ]
 [-0.003  0.016  0.078  0.022 -0.186 -0.   ]
 [-2.549  0.105  0.019 -7.896  0.007  0.003]
 [ 0.017  0.015 -0.179 -0.001  0.079 -0.   ]
 [ 0.    -0.     0.     0.003  0.     0.   ]] 
----------------------------------------------------------------------------------------
   Fe1   Fe2   (  0,   0,  -2) -13.4407   (-4.334,  0.000,  0.000)  4.334 
J_iso: -13.4407 
Orbital contributions:
 isotropic J:
 [[-0.839 -0.005  0.032 -2.536  0.016 -0.025]
 [-0.002  0.079  0.016  0.022 -0.182  0.   ]
 [ 0.034  0.016 -0.009  0.101  0.016  0.002]
 [-2.535  0.023  0.096 -7.605  0.001 -0.074]
 [ 0.016 -0.182  0.016  0.004  0.08   0.   ]
 [-0.004 -0.     0.    -0.011 -0.    -0.   ]] 
----------------------------------------------------------------------------------------
   Fe2   Fe1   (  0,   0,   2) -13.4407   ( 4.334,  0.000,  0.000)  4.334 
J_iso: -13.4407 
Orbital contributions:
 isotropic J:
 [[-0.839 -0.002  0.034 -2.535  0.016 -0.004]
 [-0.005  0.079  0.016  0.023 -0.182 -0.   ]
 [ 0.032  0.016 -0.009  0.096  0.016  0.   ]
 [-2.536  0.022  0.101 -7.605  0.004 -0.011]
 [ 0.016 -0.182  0.016  0.001  0.08  -0.   ]
 [-0.025  0.     0.002 -0.074  0.    -0.   ]] 
----------------------------------------------------------------------------------------
   Fe2   Fe1   (  0,   2,   0) -13.6576   ( 0.000,  4.334,  0.000)  4.334 
J_iso: -13.6576 
Orbital contributions:
 isotropic J:
 [[-0.851  0.037 -0.003 -2.549  0.017  0.   ]
 [ 0.03  -0.01   0.016  0.105  0.015 -0.   ]
 [-0.003  0.016  0.078  0.019 -0.179  0.   ]
 [-2.548  0.089  0.022 -7.896 -0.001  0.003]
 [ 0.015  0.016 -0.186  0.007  0.079  0.   ]
 [ 0.001 -0.    -0.     0.003 -0.     0.   ]] 
----------------------------------------------------------------------------------------
   Fe1   Fe2   (  1,  -1,  -1) -13.6581   ( 0.000,  0.000,  4.334)  4.334 
J_iso: -13.6581 
Orbital contributions:
 isotropic J:
 [[-13.827   0.021   0.022  -0.      0.153  -0.046]
 [  0.022   0.012  -0.091   0.004   0.005  -0.001]
 [  0.022  -0.089   0.011   0.004   0.003   0.   ]
 [ -0.      0.003   0.004   0.008  -0.      0.   ]
 [  0.157   0.003   0.005   0.     -0.012   0.002]
 [ -0.049   0.002  -0.     -0.     -0.004  -0.   ]] 
----------------------------------------------------------------------------------------
   Fe2   Fe1   (  1,  -1,   1) -13.6576   ( 0.000, -4.334,  0.000)  4.334 
J_iso: -13.6576 
Orbital contributions:
 isotropic J:
 [[-0.851  0.03  -0.003 -2.548  0.015  0.001]
 [ 0.037 -0.01   0.016  0.089  0.016 -0.   ]
 [-0.003  0.016  0.078  0.022 -0.186 -0.   ]
 [-2.549  0.105  0.019 -7.896  0.007  0.003]
 [ 0.017  0.015 -0.179 -0.001  0.079 -0.   ]
 [ 0.    -0.     0.     0.003  0.     0.   ]] 
----------------------------------------------------------------------------------------
   Fe2   Fe1   (  1,   1,  -1) -13.4407   (-4.334,  0.000,  0.000)  4.334 
J_iso: -13.4407 
Orbital contributions:
 isotropic J:
 [[-0.84  -0.005  0.032 -2.536  0.016 -0.025]
 [-0.002  0.079  0.016  0.022 -0.182  0.   ]
 [ 0.034  0.016 -0.009  0.101  0.016  0.002]
 [-2.535  0.023  0.096 -7.605  0.001 -0.074]
 [ 0.016 -0.182  0.016  0.004  0.08   0.   ]
 [-0.004 -0.     0.    -0.011 -0.    -0.   ]] 
----------------------------------------------------------------------------------------
   Fe2   Fe1   (  2,   0,   0) -13.6581   ( 0.000,  0.000,  4.334)  4.334 
J_iso: -13.6581 
Orbital contributions:
 isotropic J:
 [[-13.852   0.012   0.015  -0.      0.129   0.003]
 [  0.017   0.078  -0.186   0.004   0.016   0.   ]
 [  0.011  -0.179   0.078   0.004   0.015   0.   ]
 [ -0.      0.003   0.003   0.008  -0.      0.   ]
 [  0.138   0.015   0.016   0.     -0.009  -0.   ]
 [  0.004  -0.     -0.      0.     -0.      0.   ]] 
----------------------------------------------------------------------------------------
   Fe1   Fe2   ( -2,  -1,   1) -0.0708   ( 2.167, -2.167, -4.334)  5.308 
J_iso: -0.0708 
Orbital contributions:
 isotropic J:
 [[-0.015  0.    -0.003  0.    -0.013  0.   ]
 [ 0.    -0.007 -0.    -0.001  0.     0.   ]
 [-0.003 -0.001 -0.014 -0.001  0.    -0.   ]
 [-0.    -0.001 -0.001 -0.    -0.     0.   ]
 [-0.012  0.     0.    -0.    -0.001 -0.   ]
 [-0.     0.     0.    -0.     0.    -0.   ]] 
----------------------------------------------------------------------------------------
   Fe1   Fe2   ( -1,  -2,   1) -0.0709   ( 2.167, -4.334, -2.167)  5.308 
J_iso: -0.0709 
Orbital contributions:
 isotropic J:
 [[-0.002 -0.012 -0.001 -0.005 -0.001  0.   ]
 [-0.012 -0.001  0.     0.     0.    -0.   ]
 [-0.002  0.    -0.014 -0.002 -0.001 -0.   ]
 [-0.004 -0.001 -0.003 -0.004  0.001  0.   ]
 [-0.001  0.    -0.     0.    -0.007  0.   ]
 [-0.     0.     0.    -0.     0.    -0.   ]] 
----------------------------------------------------------------------------------------
   Fe1   Fe1   (  0,  -1,   0) -0.0557   (-2.167, -4.334, -2.167)  5.308 
J_iso: -0.0557 
Orbital contributions:
 isotropic J:
 [[ 0.007 -0.001 -0.002 -0.013  0.001  0.   ]
 [-0.002 -0.001 -0.001 -0.004 -0.001 -0.   ]
 [-0.    -0.    -0.002  0.001 -0.     0.   ]
 [-0.013 -0.004  0.001 -0.018 -0.001  0.   ]
 [-0.    -0.    -0.     0.001 -0.002 -0.   ]
 [-0.     0.    -0.     0.     0.    -0.   ]] 
----------------------------------------------------------------------------------------
   Fe2   Fe2   (  0,  -1,   0) -0.0557   (-2.167, -4.334, -2.167)  5.308 
J_iso: -0.0557 
Orbital contributions:
 isotropic J:
 [[ 0.007 -0.002 -0.    -0.013 -0.    -0.   ]
 [-0.002 -0.001 -0.001 -0.004 -0.    -0.   ]
 [-0.002 -0.001 -0.002  0.002 -0.     0.   ]
 [-0.014 -0.005  0.    -0.016  0.    -0.   ]
 [ 0.001 -0.001 -0.    -0.    -0.002 -0.   ]
 [ 0.    -0.    -0.    -0.     0.    -0.   ]] 
----------------------------------------------------------------------------------------
   Fe1   Fe1   (  0,   0,  -1) -0.0554   (-4.334, -2.167, -2.167)  5.308 
J_iso: -0.0554 
Orbital contributions:
 isotropic J:
 [[ 0.007 -0.001 -0.002 -0.013  0.001  0.   ]
 [-0.001 -0.002 -0.     0.    -0.    -0.   ]
 [-0.002 -0.001 -0.001 -0.005 -0.001  0.   ]
 [-0.013  0.002 -0.005 -0.015 -0.     0.   ]
 [-0.001 -0.    -0.     0.    -0.002 -0.   ]
 [ 0.    -0.     0.     0.    -0.    -0.   ]] 
----------------------------------------------------------------------------------------
   Fe2   Fe2   (  0,   0,  -1) -0.0554   (-4.334, -2.167, -2.167)  5.308 
J_iso: -0.0554 
Orbital contributions:
 isotropic J:
 [[ 0.007 -0.    -0.002 -0.013 -0.    -0.   ]
 [-0.002 -0.002 -0.001  0.001 -0.    -0.   ]
 [-0.001 -0.    -0.001 -0.004 -0.    -0.   ]
 [-0.013  0.001 -0.005 -0.015  0.001 -0.   ]
 [-0.    -0.    -0.001 -0.001 -0.002 -0.   ]
 [-0.    -0.    -0.    -0.    -0.    -0.   ]] 
----------------------------------------------------------------------------------------
   Fe1   Fe1   (  0,   0,   1) -0.0554   ( 4.334,  2.167,  2.167)  5.308 
J_iso: -0.0554 
Orbital contributions:
 isotropic J:
 [[ 0.007 -0.001 -0.002 -0.013 -0.001  0.   ]
 [-0.001 -0.002 -0.001  0.002 -0.    -0.   ]
 [-0.002 -0.    -0.001 -0.005 -0.     0.   ]
 [-0.013  0.    -0.005 -0.015  0.     0.   ]
 [ 0.001 -0.    -0.001 -0.    -0.002 -0.   ]
 [ 0.    -0.     0.     0.    -0.    -0.   ]] 
----------------------------------------------------------------------------------------
   Fe1   Fe1   (  0,   1,   0) -0.0557   ( 2.167,  4.334,  2.167)  5.308 
J_iso: -0.0557 
Orbital contributions:
 isotropic J:
 [[ 0.007 -0.002 -0.    -0.013 -0.    -0.   ]
 [-0.001 -0.001 -0.    -0.004 -0.     0.   ]
 [-0.002 -0.001 -0.002  0.001 -0.    -0.   ]
 [-0.013 -0.004  0.001 -0.018  0.001  0.   ]
 [ 0.001 -0.001 -0.    -0.001 -0.002  0.   ]
 [ 0.    -0.     0.     0.    -0.    -0.   ]] 
----------------------------------------------------------------------------------------
   Fe2   Fe1   (  1,   2,  -1) -0.0709   (-2.167,  4.334,  2.167)  5.308 
J_iso: -0.0709 
Orbital contributions:
 isotropic J:
 [[-0.002 -0.012 -0.002 -0.004 -0.001 -0.   ]
 [-0.012 -0.001  0.    -0.001  0.     0.   ]
 [-0.001  0.    -0.014 -0.003 -0.     0.   ]
 [-0.005  0.    -0.002 -0.004  0.    -0.   ]
 [-0.001  0.    -0.001  0.001 -0.007  0.   ]
 [ 0.    -0.    -0.     0.     0.    -0.   ]] 
----------------------------------------------------------------------------------------
   Fe2   Fe1   (  2,   1,  -1) -0.0708   (-2.167,  2.167,  4.334)  5.308 
J_iso: -0.0708 
Orbital contributions:
 isotropic J:
 [[-0.015  0.    -0.003 -0.    -0.012 -0.   ]
 [ 0.    -0.007 -0.001 -0.001  0.     0.   ]
 [-0.003 -0.    -0.014 -0.001  0.     0.   ]
 [ 0.    -0.001 -0.001 -0.    -0.    -0.   ]
 [-0.013  0.     0.    -0.    -0.001  0.   ]
 [ 0.     0.    -0.     0.    -0.    -0.   ]] 
----------------------------------------------------------------------------------------
   Fe1   Fe2   ( -2,   0,   1) -0.0650   ( 4.334,  2.167, -2.167)  5.308 
J_iso: -0.0650 
Orbital contributions:
 isotropic J:
 [[ 0.    -0.     0.007 -0.001 -0.001 -0.   ]
 [ 0.    -0.008  0.    -0.    -0.001  0.   ]
 [ 0.006  0.    -0.001 -0.016  0.    -0.   ]
 [-0.002 -0.    -0.018 -0.011 -0.003 -0.   ]
 [-0.001 -0.     0.    -0.002 -0.014 -0.   ]
 [-0.    -0.    -0.    -0.     0.     0.   ]] 
----------------------------------------------------------------------------------------
   Fe1   Fe2   ( -2,   1,  -1) -0.0656   (-2.167,  2.167, -4.334)  5.308 
J_iso: -0.0656 
Orbital contributions:
 isotropic J:
 [[-0.013 -0.004  0.     0.002 -0.012 -0.   ]
 [-0.003 -0.014 -0.    -0.001  0.    -0.   ]
 [ 0.    -0.001 -0.008 -0.     0.    -0.   ]
 [-0.    -0.001 -0.001 -0.    -0.     0.   ]
 [-0.01   0.     0.     0.    -0.001  0.   ]
 [ 0.     0.    -0.    -0.     0.     0.   ]] 
----------------------------------------------------------------------------------------
   Fe1   Fe2   ( -2,   1,   0) -0.0656   ( 2.167,  4.334, -2.167)  5.308 
J_iso: -0.0656 
Orbital contributions:
 isotropic J:
 [[ 0.     0.005  0.    -0.002 -0.001  0.   ]
 [ 0.007 -0.001  0.    -0.019  0.     0.   ]
 [-0.     0.    -0.008  0.    -0.    -0.   ]
 [ 0.    -0.015  0.    -0.01  -0.002  0.   ]
 [-0.001  0.    -0.001 -0.004 -0.014  0.   ]
 [-0.     0.    -0.    -0.    -0.     0.   ]] 
----------------------------------------------------------------------------------------
   Fe1   Fe1   ( -2,   1,   1)  0.0445   ( 2.167,  2.167, -4.334)  5.308 
J_iso:  0.0445 
Orbital contributions:
 isotropic J:
 [[-0.025  0.01   0.012 -0.    -0.003  0.   ]
 [ 0.012  0.004  0.012 -0.002  0.001  0.   ]
 [ 0.01   0.015  0.004 -0.001  0.001 -0.   ]
 [ 0.    -0.001 -0.003  0.001 -0.     0.   ]
 [-0.004  0.003  0.003 -0.    -0.001 -0.   ]
 [-0.001 -0.    -0.001 -0.    -0.    -0.   ]] 
----------------------------------------------------------------------------------------
   Fe2   Fe2   ( -2,   1,   1)  0.0445   ( 2.167,  2.167, -4.334)  5.308 
J_iso:  0.0445 
Orbital contributions:
 isotropic J:
 [[-0.026  0.011  0.012 -0.    -0.005 -0.   ]
 [ 0.013  0.005  0.011 -0.002  0.002  0.   ]
 [ 0.009  0.014  0.004 -0.001  0.003  0.   ]
 [ 0.    -0.001 -0.003  0.001 -0.     0.   ]
 [-0.003  0.001  0.001 -0.    -0.001 -0.   ]
 [ 0.    -0.    -0.    -0.    -0.    -0.   ]] 
----------------------------------------------------------------------------------------
   Fe1   Fe1   ( -1,  -1,   2)  0.0441   ( 4.334, -2.167, -2.167)  5.308 
J_iso:  0.0441 
Orbital contributions:
 isotropic J:
 [[-0.001  0.    -0.001 -0.005  0.002 -0.   ]
 [-0.002  0.004  0.001  0.012  0.012 -0.   ]
 [-0.001  0.003 -0.001 -0.003  0.003 -0.   ]
 [-0.005  0.009 -0.002 -0.015  0.008 -0.   ]
 [ 0.005  0.012  0.001  0.004  0.004 -0.   ]
 [-0.     0.     0.    -0.     0.    -0.   ]] 
----------------------------------------------------------------------------------------
   Fe2   Fe2   ( -1,  -1,   2)  0.0441   ( 4.334, -2.167, -2.167)  5.308 
J_iso:  0.0441 
Orbital contributions:
 isotropic J:
 [[-0.001 -0.003 -0.001 -0.005  0.004  0.   ]
 [-0.     0.004  0.003  0.01   0.012  0.   ]
 [-0.001  0.001 -0.001 -0.002  0.001  0.   ]
 [-0.005  0.012 -0.003 -0.015  0.005  0.   ]
 [ 0.003  0.012  0.003  0.006  0.004  0.   ]
 [-0.     0.001  0.    -0.     0.001  0.   ]] 
----------------------------------------------------------------------------------------
   Fe1   Fe1   ( -1,   0,   0) -0.0557   (-2.167, -2.167, -4.334)  5.308 
J_iso: -0.0557 
Orbital contributions:
 isotropic J:
 [[-0.043  0.001  0.001  0.    -0.005  0.   ]
 [ 0.001 -0.002 -0.    -0.001 -0.    -0.   ]
 [ 0.001 -0.    -0.002 -0.001 -0.     0.   ]
 [ 0.    -0.001 -0.001  0.006  0.     0.   ]
 [-0.006 -0.001 -0.001 -0.    -0.001 -0.   ]
 [-0.     0.    -0.    -0.     0.    -0.   ]] 
----------------------------------------------------------------------------------------
   Fe2   Fe2   ( -1,   0,   0) -0.0557   (-2.167, -2.167, -4.334)  5.308 
J_iso: -0.0557 
Orbital contributions:
 isotropic J:
 [[-0.041  0.001  0.001 -0.    -0.006 -0.001]
 [ 0.001 -0.002 -0.    -0.001 -0.001 -0.   ]
 [ 0.001 -0.    -0.002 -0.001 -0.001  0.   ]
 [ 0.    -0.001 -0.001  0.006  0.     0.   ]
 [-0.006 -0.    -0.001  0.    -0.001 -0.   ]
 [-0.     0.    -0.     0.    -0.    -0.   ]] 
----------------------------------------------------------------------------------------
   Fe2   Fe1   ( -1,   0,   2) -0.0708   ( 2.167, -2.167, -4.334)  5.308 
J_iso: -0.0708 
Orbital contributions:
 isotropic J:
 [[-0.017  0.     0.001  0.001 -0.017  0.   ]
 [ 0.     0.001  0.002 -0.002  0.001 -0.   ]
 [ 0.001  0.001 -0.023 -0.001 -0.003  0.   ]
 [ 0.001 -0.002 -0.    -0.     0.001 -0.   ]
 [-0.016  0.001 -0.003  0.001  0.     0.   ]
 [ 0.001 -0.     0.001  0.    -0.001  0.   ]] 
----------------------------------------------------------------------------------------
   Fe1   Fe2   ( -1,   1,  -2) -0.0650   (-4.334,  2.167, -2.167)  5.308 
J_iso: -0.0650 
Orbital contributions:
 isotropic J:
 [[-0.001 -0.001 -0.01  -0.003 -0.     0.   ]
 [-0.002 -0.014  0.    -0.003 -0.001  0.   ]
 [-0.013  0.    -0.001  0.002  0.    -0.   ]
 [-0.005 -0.002  0.    -0.004  0.    -0.   ]
 [-0.001 -0.     0.     0.    -0.008 -0.   ]
 [ 0.    -0.    -0.    -0.     0.     0.   ]] 
----------------------------------------------------------------------------------------
   Fe2   Fe1   ( -1,   1,   2) -0.0650   ( 4.334,  2.167, -2.167)  5.308 
J_iso: -0.0650 
Orbital contributions:
 isotropic J:
 [[ 0.    -0.004  0.008 -0.001  0.001  0.   ]
 [-0.003  0.     0.001  0.001  0.001  0.   ]
 [ 0.007  0.001  0.    -0.019 -0.003 -0.001]
 [-0.001  0.001 -0.023 -0.011 -0.001 -0.001]
 [ 0.     0.002 -0.003  0.    -0.022  0.   ]
 [ 0.     0.     0.001  0.     0.     0.   ]] 
----------------------------------------------------------------------------------------
   Fe1   Fe1   ( -1,   2,  -1)  0.0445   (-2.167,  4.334, -2.167)  5.308 
J_iso:  0.0445 
Orbital contributions:
 isotropic J:
 [[-0.    -0.001 -0.    -0.006  0.004  0.   ]
 [-0.001 -0.001  0.003 -0.004  0.002 -0.   ]
 [-0.003  0.001  0.004  0.011  0.012 -0.   ]
 [-0.004 -0.003  0.008 -0.015  0.007  0.   ]
 [ 0.005  0.001  0.014  0.004  0.004 -0.   ]
 [ 0.    -0.     0.     0.     0.    -0.   ]] 
----------------------------------------------------------------------------------------
   Fe2   Fe1   ( -1,   2,   0) -0.0656   (-2.167,  2.167, -4.334)  5.308 
J_iso: -0.0656 
Orbital contributions:
 isotropic J:
 [[-0.015  0.001  0.     0.001 -0.016  0.002]
 [ 0.001 -0.022  0.002 -0.001 -0.003 -0.   ]
 [ 0.001  0.001  0.    -0.002  0.001 -0.   ]
 [-0.    -0.001 -0.003 -0.     0.002 -0.   ]
 [-0.015 -0.003  0.001  0.001  0.     0.001]
 [-0.    -0.    -0.     0.    -0.     0.   ]] 
----------------------------------------------------------------------------------------
   Fe2   Fe1   ( -1,   2,   1) -0.0656   ( 2.167,  4.334, -2.167)  5.308 
J_iso: -0.0656 
Orbital contributions:
 isotropic J:
 [[ 0.     0.006 -0.002 -0.002  0.     0.   ]
 [ 0.008  0.     0.001 -0.022 -0.003 -0.   ]
 [-0.004  0.001  0.     0.001  0.002 -0.   ]
 [-0.    -0.02   0.001 -0.013  0.    -0.   ]
 [ 0.001 -0.003  0.001 -0.001 -0.022 -0.   ]
 [ 0.001  0.001 -0.     0.002 -0.     0.   ]] 
----------------------------------------------------------------------------------------
   Fe1   Fe2   (  0,  -2,   1) -0.0650   ( 4.334, -2.167,  2.167)  5.308 
J_iso: -0.0650 
Orbital contributions:
 isotropic J:
 [[-0.001 -0.002 -0.013 -0.005 -0.001  0.   ]
 [-0.001 -0.014  0.    -0.002 -0.    -0.   ]
 [-0.01   0.    -0.001  0.     0.    -0.   ]
 [-0.003 -0.003  0.002 -0.004  0.    -0.   ]
 [-0.    -0.001  0.     0.    -0.008  0.   ]
 [ 0.     0.    -0.    -0.    -0.     0.   ]] 
----------------------------------------------------------------------------------------
   Fe2   Fe1   (  0,  -1,   2) -0.0709   ( 2.167, -4.334, -2.167)  5.308 
J_iso: -0.0709 
Orbital contributions:
 isotropic J:
 [[-0.002 -0.013 -0.001 -0.004 -0.001  0.   ]
 [-0.013  0.    -0.003 -0.002  0.001  0.   ]
 [-0.001 -0.003 -0.023  0.001  0.001  0.   ]
 [-0.005 -0.003  0.002 -0.005 -0.001 -0.   ]
 [-0.     0.001  0.002 -0.002  0.001 -0.   ]
 [ 0.    -0.001  0.001  0.001 -0.     0.   ]] 
----------------------------------------------------------------------------------------
   Fe2   Fe2   (  0,   0,   1) -0.0554   ( 4.334,  2.167,  2.167)  5.308 
J_iso: -0.0554 
Orbital contributions:
 isotropic J:
 [[ 0.007 -0.002 -0.001 -0.013 -0.    -0.   ]
 [-0.    -0.002 -0.     0.001 -0.    -0.   ]
 [-0.002 -0.001 -0.001 -0.005 -0.001 -0.   ]
 [-0.013  0.001 -0.004 -0.015 -0.001 -0.   ]
 [-0.    -0.    -0.     0.001 -0.002 -0.   ]
 [-0.    -0.    -0.    -0.    -0.    -0.   ]] 
----------------------------------------------------------------------------------------
   Fe1   Fe2   (  0,   1,  -2) -0.0709   (-2.167,  4.334,  2.167)  5.308 
J_iso: -0.0709 
Orbital contributions:
 isotropic J:
 [[-0.002 -0.013 -0.001 -0.005 -0.     0.   ]
 [-0.013  0.    -0.003 -0.003  0.001 -0.001]
 [-0.001 -0.003 -0.023  0.002  0.002  0.001]
 [-0.004 -0.002  0.001 -0.005 -0.002  0.001]
 [-0.001  0.001  0.001 -0.001  0.001 -0.   ]
 [ 0.     0.     0.    -0.    -0.     0.   ]] 
----------------------------------------------------------------------------------------
   Fe2   Fe2   (  0,   1,   0) -0.0557   ( 2.167,  4.334,  2.167)  5.308 
J_iso: -0.0557 
Orbital contributions:
 isotropic J:
 [[ 0.007 -0.002 -0.002 -0.014  0.001  0.   ]
 [-0.002 -0.001 -0.001 -0.005 -0.001 -0.   ]
 [-0.    -0.001 -0.002  0.    -0.    -0.   ]
 [-0.013 -0.004  0.002 -0.016 -0.    -0.   ]
 [-0.    -0.    -0.     0.    -0.002  0.   ]
 [-0.    -0.     0.    -0.    -0.    -0.   ]] 
----------------------------------------------------------------------------------------
   Fe2   Fe1   (  0,   2,  -1) -0.0650   (-4.334,  2.167, -2.167)  5.308 
J_iso: -0.0650 
Orbital contributions:
 isotropic J:
 [[-0.001 -0.001 -0.01  -0.003 -0.     0.   ]
 [-0.002 -0.014  0.    -0.003 -0.001  0.   ]
 [-0.013  0.    -0.001  0.002  0.    -0.   ]
 [-0.005 -0.002  0.    -0.004  0.    -0.   ]
 [-0.001 -0.     0.     0.    -0.008 -0.   ]
 [ 0.    -0.    -0.    -0.     0.     0.   ]] 
----------------------------------------------------------------------------------------
   Fe1   Fe2   (  1,  -2,  -1) -0.0656   (-2.167, -4.334,  2.167)  5.308 
J_iso: -0.0656 
Orbital contributions:
 isotropic J:
 [[ 0.     0.008 -0.004 -0.     0.001  0.001]
 [ 0.006  0.     0.001 -0.02  -0.003  0.001]
 [-0.002  0.001  0.     0.001  0.001 -0.   ]
 [-0.002 -0.022  0.001 -0.013 -0.001  0.002]
 [ 0.    -0.003  0.002  0.    -0.022 -0.   ]
 [ 0.    -0.    -0.    -0.    -0.     0.   ]] 
----------------------------------------------------------------------------------------
   Fe1   Fe2   (  1,  -2,   0) -0.0656   ( 2.167, -2.167,  4.334)  5.308 
J_iso: -0.0656 
Orbital contributions:
 isotropic J:
 [[-0.015  0.001  0.001 -0.    -0.015 -0.   ]
 [ 0.001 -0.022  0.001 -0.001 -0.003 -0.   ]
 [ 0.     0.002  0.    -0.003  0.001 -0.   ]
 [ 0.001 -0.001 -0.002 -0.     0.001  0.   ]
 [-0.016 -0.003  0.001  0.002  0.    -0.   ]
 [ 0.002 -0.    -0.    -0.     0.001  0.   ]] 
----------------------------------------------------------------------------------------
   Fe1   Fe1   (  1,  -2,   1)  0.0445   ( 2.167, -4.334,  2.167)  5.308 
J_iso:  0.0445 
Orbital contributions:
 isotropic J:
 [[-0.    -0.001 -0.003 -0.004  0.005  0.   ]
 [-0.001 -0.001  0.001 -0.003  0.001 -0.   ]
 [-0.     0.003  0.004  0.008  0.014  0.   ]
 [-0.006 -0.004  0.011 -0.015  0.004  0.   ]
 [ 0.004  0.002  0.012  0.007  0.004  0.   ]
 [ 0.    -0.    -0.     0.    -0.    -0.   ]] 
----------------------------------------------------------------------------------------
   Fe1   Fe2   (  1,  -1,  -2) -0.0650   (-4.334, -2.167,  2.167)  5.308 
J_iso: -0.0650 
Orbital contributions:
 isotropic J:
 [[ 0.    -0.003  0.007 -0.001  0.     0.   ]
 [-0.004  0.     0.001  0.001  0.002  0.   ]
 [ 0.008  0.001  0.    -0.023 -0.003  0.001]
 [-0.001  0.001 -0.019 -0.011  0.     0.   ]
 [ 0.001  0.001 -0.003 -0.001 -0.022  0.   ]
 [ 0.     0.    -0.001 -0.001  0.     0.   ]] 
----------------------------------------------------------------------------------------
   Fe2   Fe1   (  1,  -1,   2) -0.0650   ( 4.334, -2.167,  2.167)  5.308 
J_iso: -0.0650 
Orbital contributions:
 isotropic J:
 [[-0.001 -0.002 -0.013 -0.005 -0.001  0.   ]
 [-0.001 -0.014  0.    -0.002 -0.    -0.   ]
 [-0.01   0.    -0.001  0.     0.    -0.   ]
 [-0.003 -0.003  0.002 -0.004  0.    -0.   ]
 [-0.    -0.001  0.     0.    -0.008  0.   ]
 [ 0.     0.    -0.    -0.    -0.     0.   ]] 
----------------------------------------------------------------------------------------
   Fe1   Fe2   (  1,   0,  -2) -0.0708   (-2.167,  2.167,  4.334)  5.308 
J_iso: -0.0708 
Orbital contributions:
 isotropic J:
 [[-0.017  0.     0.001  0.001 -0.016  0.001]
 [ 0.     0.001  0.001 -0.002  0.001 -0.   ]
 [ 0.001  0.002 -0.023 -0.    -0.003  0.001]
 [ 0.001 -0.002 -0.001 -0.     0.001  0.   ]
 [-0.017  0.001 -0.003  0.001  0.    -0.001]
 [ 0.    -0.     0.    -0.     0.     0.   ]] 
----------------------------------------------------------------------------------------
   Fe1   Fe1   (  1,   0,   0) -0.0557   ( 2.167,  2.167,  4.334)  5.308 
J_iso: -0.0557 
Orbital contributions:
 isotropic J:
 [[-0.043  0.001  0.001  0.    -0.006 -0.   ]
 [ 0.001 -0.002 -0.    -0.001 -0.001  0.   ]
 [ 0.001 -0.    -0.002 -0.001 -0.001 -0.   ]
 [ 0.    -0.001 -0.001  0.006 -0.    -0.   ]
 [-0.005 -0.    -0.     0.    -0.001  0.   ]
 [ 0.    -0.     0.     0.    -0.    -0.   ]] 
----------------------------------------------------------------------------------------
   Fe2   Fe2   (  1,   0,   0) -0.0557   ( 2.167,  2.167,  4.334)  5.308 
J_iso: -0.0557 
Orbital contributions:
 isotropic J:
 [[-0.041  0.001  0.001  0.    -0.006 -0.   ]
 [ 0.001 -0.002 -0.    -0.001 -0.     0.   ]
 [ 0.001 -0.    -0.002 -0.001 -0.001 -0.   ]
 [-0.    -0.001 -0.001  0.006  0.     0.   ]
 [-0.006 -0.001 -0.001  0.    -0.001 -0.   ]
 [-0.001 -0.     0.     0.    -0.    -0.   ]] 
----------------------------------------------------------------------------------------
   Fe1   Fe1   (  1,   1,  -2)  0.0441   (-4.334,  2.167,  2.167)  5.308 
J_iso:  0.0441 
Orbital contributions:
 isotropic J:
 [[-0.001 -0.002 -0.001 -0.005  0.005 -0.   ]
 [ 0.     0.004  0.003  0.009  0.012  0.   ]
 [-0.001  0.001 -0.001 -0.002  0.001  0.   ]
 [-0.005  0.012 -0.003 -0.015  0.004 -0.   ]
 [ 0.002  0.012  0.003  0.008  0.004  0.   ]
 [-0.    -0.    -0.    -0.    -0.    -0.   ]] 
----------------------------------------------------------------------------------------
   Fe2   Fe2   (  1,   1,  -2)  0.0441   (-4.334,  2.167,  2.167)  5.308 
J_iso:  0.0441 
Orbital contributions:
 isotropic J:
 [[-0.001 -0.    -0.001 -0.005  0.003 -0.   ]
 [-0.003  0.004  0.001  0.012  0.012  0.001]
 [-0.001  0.003 -0.001 -0.003  0.003  0.   ]
 [-0.005  0.01  -0.002 -0.015  0.006 -0.   ]
 [ 0.004  0.012  0.001  0.005  0.004  0.001]
 [ 0.     0.     0.     0.     0.     0.   ]] 
----------------------------------------------------------------------------------------
   Fe1   Fe1   (  2,  -1,  -1)  0.0445   (-2.167, -2.167,  4.334)  5.308 
J_iso:  0.0445 
Orbital contributions:
 isotropic J:
 [[-0.025  0.012  0.01   0.    -0.004 -0.001]
 [ 0.01   0.004  0.015 -0.001  0.003 -0.   ]
 [ 0.012  0.012  0.004 -0.003  0.003 -0.001]
 [-0.    -0.002 -0.001  0.001 -0.    -0.   ]
