==========================================================================================
Information: 
Exchange parameters generated by TB2J 0.7.7.2
Generation time: 24/02/06 14:42:53
 Input from collinear Wannier90 data.
 Tight binding data from ./. 
 Prefix of wannier function files:up/cri3_up and dn/cri3_dn.
Warning: Please check if the noise level of Wannier function Hamiltonian to make sure it is much smaller than the exchange values.

==========================================================================================
Cell (Angstrom):
6.81714342  0.00000000  0.00000000
-3.40857171  5.90381938  0.00000000
0.00000000  0.00000000  20.07837375

==========================================================================================
Atoms:  
(Note: charge and magmoms only count the wannier functions.)
Atom number        x             y             z       w_charge  w_magmom 
Cr1            -0.00000000    3.93587959    0.00000000    5.1121    2.5376
Cr2             3.40857171    1.96793979    0.00000000    5.1120    2.5388
I1             -1.20700161    2.09058812    1.54465550    4.9711   -0.1123
I2             -2.20157010    3.81323127   -1.54465490    4.9716   -0.1125
I3              1.20700161    2.09058812   -1.54465490    4.9711   -0.1121
I4              2.20157010    3.81323127    1.54465550    4.9711   -0.1124
I5              2.41400322    0.00000000    1.54465550    4.9737   -0.1103
I6              4.40314020    0.00000000   -1.54465490    4.9735   -0.1101
Total                                                    40.0562    4.4065

==========================================================================================
Orbitals used in decomposition: 
The name of the orbitals for the decomposition: 
Cr1 : ['orb_1', 'orb_2', 'orb_3', 'orb_4', 'orb_5', 'orb_6']
Cr2 : ['orb_1', 'orb_2', 'orb_3', 'orb_4', 'orb_5', 'orb_6']

==========================================================================================
Exchange: 
    i      j          R        J_iso(meV)          vector          distance(A) 
----------------------------------------------------------------------------------------
   Cr1   Cr2   (  0,   1,   0)  3.2877   ( 0.000,  3.936,  0.000)  3.936 
J_iso:  3.2877 
Orbital contributions:
 isotropic J:
 [[ 0.154  0.202  0.053  0.     0.259 -0.   ]
 [ 0.203 -0.802 -0.386 -0.     0.333 -0.   ]
 [ 0.058  0.037  0.581 -0.    -0.224 -0.   ]
 [ 0.    -0.    -0.    -0.674 -0.    -0.578]
 [ 0.247 -0.102  0.627 -0.     4.638 -0.   ]
 [ 0.    -0.    -0.    -0.564 -0.    -0.772]] 
----------------------------------------------------------------------------------------
   Cr2   Cr1   (  0,  -1,   0)  3.2877   (-0.000, -3.936,  0.000)  3.936 
J_iso:  3.2877 
Orbital contributions:
 isotropic J:
 [[ 0.154  0.203  0.058  0.     0.247  0.   ]
 [ 0.202 -0.802  0.037 -0.    -0.102 -0.   ]
 [ 0.053 -0.386  0.581 -0.     0.627 -0.   ]
 [ 0.    -0.    -0.    -0.674 -0.    -0.564]
 [ 0.259  0.333 -0.224 -0.     4.638 -0.   ]
 [-0.    -0.    -0.    -0.578 -0.    -0.772]] 
----------------------------------------------------------------------------------------
   Cr1   Cr2   ( -1,   0,   0)  3.2718   (-3.409, -1.968,  0.000)  3.936 
J_iso:  3.2718 
Orbital contributions:
 isotropic J:
 [[ 0.152  0.202  0.014  0.042  0.058  0.177]
 [ 0.205 -0.748  0.004  0.017 -0.043 -0.034]
 [ 0.013 -0.095 -0.27  -0.051 -0.389  0.143]
 [ 0.038 -0.306 -0.074  0.331  0.119  0.197]
 [ 0.065  0.064 -0.211 -0.266 -0.455  1.081]
 [ 0.193  0.228 -0.283 -0.066  1.048  2.171]] 
----------------------------------------------------------------------------------------
   Cr2   Cr1   (  1,   0,   0)  3.2718   ( 3.409,  1.968,  0.000)  3.936 
J_iso:  3.2718 
Orbital contributions:
 isotropic J:
 [[ 0.152  0.205  0.013  0.038  0.065  0.193]
 [ 0.202 -0.748 -0.095 -0.306  0.064  0.228]
 [ 0.014  0.004 -0.27  -0.074 -0.211 -0.283]
 [ 0.042  0.017 -0.051  0.331 -0.266 -0.066]
 [ 0.058 -0.043 -0.389  0.119 -0.455  1.048]
 [ 0.177 -0.034  0.143  0.197  1.081  2.171]] 
----------------------------------------------------------------------------------------
   Cr1   Cr2   (  0,   0,   0)  3.1754   ( 3.409, -1.968,  0.000)  3.936 
J_iso:  3.1754 
Orbital contributions:
 isotropic J:
 [[ 0.154  0.2    0.015  0.045  0.062  0.184]
 [ 0.199 -0.736  0.007  0.009 -0.028 -0.1  ]
 [ 0.013 -0.083 -0.274 -0.076 -0.392  0.114]
 [ 0.037 -0.302 -0.067  0.328  0.132  0.195]
 [ 0.064  0.092 -0.212 -0.286 -0.46   1.041]
 [ 0.191  0.247 -0.282 -0.068  1.056  2.156]] 
----------------------------------------------------------------------------------------
   Cr2   Cr1   (  0,   0,   0)  3.1754   (-3.409,  1.968,  0.000)  3.936 
J_iso:  3.1754 
Orbital contributions:
 isotropic J:
 [[ 0.154  0.199  0.013  0.037  0.064  0.191]
 [ 0.2   -0.736 -0.083 -0.302  0.092  0.247]
 [ 0.015  0.007 -0.274 -0.067 -0.212 -0.282]
 [ 0.045  0.009 -0.076  0.328 -0.286 -0.068]
 [ 0.062 -0.028 -0.392  0.132 -0.46   1.056]
 [ 0.184 -0.1    0.114  0.195  1.041  2.156]] 
----------------------------------------------------------------------------------------
   Cr1   Cr1   (  0,  -1,   0)  3.8650   ( 3.409, -5.904,  0.000)  6.817 
J_iso:  3.8650 
Orbital contributions:
 isotropic J:
 [[-0.    -0.001  0.007  0.001  0.001  0.004]
 [-0.002 -0.876 -0.002 -0.178  0.033  0.271]
 [-0.001 -0.127 -0.029  0.824 -0.031  1.138]
 [ 0.006 -0.022  0.021  0.349 -0.005  0.184]
 [ 0.001  0.424  0.002  0.892 -0.014  1.006]
 [ 0.007 -0.087  0.031  0.038  0.243 -0.24 ]] 
----------------------------------------------------------------------------------------
   Cr1   Cr1   (  0,   1,   0)  3.8650   (-3.409,  5.904,  0.000)  6.817 
J_iso:  3.8650 
Orbital contributions:
 isotropic J:
 [[-0.    -0.002 -0.001  0.006  0.001  0.007]
 [-0.001 -0.876 -0.127 -0.022  0.424 -0.087]
 [ 0.007 -0.002 -0.029  0.021  0.002  0.031]
 [ 0.001 -0.178  0.824  0.349  0.892  0.038]
 [ 0.001  0.033 -0.031 -0.005 -0.014  0.243]
 [ 0.004  0.271  1.138  0.184  1.006 -0.24 ]] 
----------------------------------------------------------------------------------------
   Cr2   Cr2   (  0,   1,   0)  3.8698   (-3.409,  5.904,  0.000)  6.817 
J_iso:  3.8698 
Orbital contributions:
 isotropic J:
 [[ 0.    -0.002  0.004  0.001  0.003  0.004]
 [-0.002 -0.906 -0.005 -0.158  0.041  0.259]
 [-0.    -0.109 -0.039  0.879 -0.011  0.883]
 [ 0.008 -0.046  0.016  0.32   0.004  0.08 ]
 [ 0.     0.4   -0.039  1.222  0.012  0.943]
 [ 0.005 -0.073 -0.008  0.146  0.258 -0.218]] 
----------------------------------------------------------------------------------------
   Cr2   Cr2   (  0,  -1,   0)  3.8698   ( 3.409, -5.904,  0.000)  6.817 
J_iso:  3.8698 
Orbital contributions:
 isotropic J:
 [[ 0.    -0.002 -0.     0.008  0.     0.005]
 [-0.002 -0.906 -0.109 -0.046  0.4   -0.073]
 [ 0.004 -0.005 -0.039  0.016 -0.039 -0.008]
 [ 0.001 -0.158  0.879  0.32   1.222  0.146]
 [ 0.003  0.041 -0.011  0.004  0.012  0.258]
 [ 0.004  0.259  0.883  0.08   0.943 -0.218]] 
----------------------------------------------------------------------------------------
   Cr2   Cr2   (  1,   0,   0)  4.1751   ( 6.817,  0.000,  0.000)  6.817 
J_iso:  4.1751 
Orbital contributions:
 isotropic J:
 [[ 0.    -0.002  0.004  0.001  0.006  0.   ]
 [-0.002 -0.876 -0.084 -0.057  0.029  0.321]
 [ 0.005 -0.101  0.79   0.17   0.268  0.288]
 [ 0.002 -0.018  0.228  0.021  0.305  0.132]
 [ 0.006  0.085  0.479  0.363 -0.31   0.645]
 [-0.001  0.273  0.424  0.077  0.523  0.182]] 
----------------------------------------------------------------------------------------
   Cr1   Cr1   ( -1,   0,   0)  4.0991   (-6.817,  0.000,  0.000)  6.817 
J_iso:  4.0991 
Orbital contributions:
 isotropic J:
 [[-0.    -0.001  0.004  0.002  0.005 -0.001]
 [-0.002 -0.876 -0.107 -0.019  0.097  0.27 ]
 [ 0.004 -0.083  0.78   0.225  0.469  0.419]
 [ 0.001 -0.062  0.175  0.018  0.366  0.07 ]
 [ 0.006  0.035  0.266  0.3   -0.321  0.516]
 [ 0.001  0.31   0.288  0.129  0.64   0.176]] 
----------------------------------------------------------------------------------------
   Cr2   Cr2   ( -1,   0,   0)  4.1751   (-6.817,  0.000,  0.000)  6.817 
J_iso:  4.1751 
Orbital contributions:
 isotropic J:
 [[ 0.    -0.002  0.005  0.002  0.006 -0.001]
 [-0.002 -0.876 -0.101 -0.018  0.085  0.273]
 [ 0.004 -0.084  0.79   0.228  0.479  0.424]
 [ 0.001 -0.057  0.17   0.021  0.363  0.077]
 [ 0.006  0.029  0.268  0.305 -0.31   0.523]
 [ 0.     0.321  0.288  0.132  0.645  0.182]] 
----------------------------------------------------------------------------------------
   Cr1   Cr1   (  1,   0,   0)  4.0991   ( 6.817,  0.000,  0.000)  6.817 
J_iso:  4.0991 
Orbital contributions:
 isotropic J:
 [[-0.    -0.002  0.004  0.001  0.006  0.001]
 [-0.001 -0.876 -0.083 -0.062  0.035  0.31 ]
 [ 0.004 -0.107  0.78   0.175  0.266  0.288]
 [ 0.002 -0.019  0.225  0.018  0.3    0.129]
 [ 0.005  0.097  0.469  0.366 -0.321  0.64 ]
 [-0.001  0.27   0.419  0.07   0.516  0.176]] 
----------------------------------------------------------------------------------------
   Cr1   Cr1   ( -1,  -1,   0)  3.8574   (-3.409, -5.904,  0.000)  6.817 
J_iso:  3.8574 
Orbital contributions:
 isotropic J:
 [[-0.    -0.001  0.007  0.001  0.002  0.003]
 [-0.001 -0.916  0.    -0.15   0.036  0.281]
 [-0.001 -0.135 -0.031  0.814 -0.031  1.155]
 [ 0.006 -0.014  0.015  0.35  -0.012  0.186]
 [ 0.001  0.417  0.001  0.884 -0.007  1.037]
 [ 0.006 -0.092  0.024  0.039  0.233 -0.247]] 
----------------------------------------------------------------------------------------
   Cr2   Cr2   ( -1,  -1,   0)  3.9166   (-3.409, -5.904,  0.000)  6.817 
J_iso:  3.9166 
Orbital contributions:
 isotropic J:
 [[ 0.    -0.002 -0.     0.007  0.     0.004]
 [-0.002 -0.89  -0.084 -0.036  0.43  -0.054]
 [ 0.005 -0.005 -0.04   0.022 -0.04   0.001]
 [ 0.001 -0.15   0.87   0.305  1.208  0.134]
 [ 0.004  0.042 -0.005  0.007  0.026  0.258]
 [ 0.004  0.266  0.868  0.072  0.905 -0.213]] 
----------------------------------------------------------------------------------------
   Cr1   Cr1   (  1,   1,   0)  3.8574   ( 3.409,  5.904,  0.000)  6.817 
J_iso:  3.8574 
Orbital contributions:
 isotropic J:
 [[-0.    -0.001 -0.001  0.006  0.001  0.006]
 [-0.001 -0.916 -0.135 -0.014  0.417 -0.092]
 [ 0.007  0.    -0.031  0.015  0.001  0.024]
 [ 0.001 -0.15   0.814  0.35   0.884  0.039]
 [ 0.002  0.036 -0.031 -0.012 -0.007  0.233]
 [ 0.003  0.281  1.155  0.186  1.037 -0.247]] 
----------------------------------------------------------------------------------------
   Cr2   Cr2   (  1,   1,   0)  3.9166   ( 3.409,  5.904,  0.000)  6.817 
J_iso:  3.9166 
Orbital contributions:
 isotropic J:
 [[ 0.    -0.002  0.005  0.001  0.004  0.004]
 [-0.002 -0.89  -0.005 -0.15   0.042  0.266]
 [-0.    -0.084 -0.04   0.87  -0.005  0.868]
 [ 0.007 -0.036  0.022  0.305  0.007  0.072]
 [ 0.     0.43  -0.04   1.208  0.026  0.905]
 [ 0.004 -0.054  0.001  0.134  0.258 -0.213]] 
----------------------------------------------------------------------------------------
   Cr1   Cr2   ( -1,   1,   0)  1.9088   (-6.817,  3.936,  0.000)  7.872 
J_iso:  1.9088 
Orbital contributions:
 isotropic J:
 [[-0.003  0.004  0.     0.    -0.001 -0.003]
 [ 0.004  0.197 -0.038 -0.124 -0.004 -0.026]
 [ 0.    -0.011  0.009  0.207 -0.028  0.228]
 [ 0.001 -0.042  0.208  0.379  0.229  0.283]
 [-0.001 -0.028  0.013  0.166  0.018  0.111]
 [-0.005 -0.095  0.168  0.058  0.112 -0.081]] 
----------------------------------------------------------------------------------------
   Cr2   Cr1   (  1,  -1,   0)  1.9088   ( 6.817, -3.936,  0.000)  7.872 
J_iso:  1.9088 
Orbital contributions:
 isotropic J:
 [[-0.003  0.004  0.     0.001 -0.001 -0.005]
 [ 0.004  0.197 -0.011 -0.042 -0.028 -0.095]
 [ 0.    -0.038  0.009  0.208  0.013  0.168]
 [ 0.    -0.124  0.207  0.379  0.166  0.058]
 [-0.001 -0.004 -0.028  0.229  0.018  0.112]
 [-0.003 -0.026  0.228  0.283  0.111 -0.081]] 
----------------------------------------------------------------------------------------
   Cr1   Cr2   ( -1,  -1,   0)  2.0056   ( 0.000, -7.872,  0.000)  7.872 
J_iso:  2.0056 
Orbital contributions:
 isotropic J:
 [[-0.003  0.004  0.     0.    -0.004  0.   ]
 [ 0.004  0.187 -0.182 -0.    -0.039 -0.   ]
 [ 0.002 -0.071  0.781 -0.     0.689 -0.   ]
 [ 0.    -0.     0.     0.059  0.     0.078]
 [-0.005 -0.151  0.248 -0.    -0.008 -0.   ]
 [ 0.    -0.     0.     0.189  0.     0.227]] 
----------------------------------------------------------------------------------------
   Cr2   Cr1   (  1,   1,   0)  2.0056   (-0.000,  7.872,  0.000)  7.872 
J_iso:  2.0056 
Orbital contributions:
 isotropic J:
 [[-0.003  0.004  0.002  0.    -0.005  0.   ]
 [ 0.004  0.187 -0.071 -0.    -0.151 -0.   ]
 [ 0.    -0.182  0.781  0.     0.248  0.   ]
 [ 0.    -0.    -0.     0.059 -0.     0.189]
 [-0.004 -0.039  0.689  0.    -0.008  0.   ]
 [ 0.    -0.    -0.     0.078 -0.     0.227]] 
----------------------------------------------------------------------------------------
   Cr2   Cr1   ( -1,  -1,   0)  1.7701   (-6.817, -3.936,  0.000)  7.872 
J_iso:  1.7701 
Orbital contributions:
 isotropic J:
 [[-0.004  0.005 -0.    -0.    -0.001 -0.003]
 [ 0.003  0.204 -0.046 -0.122 -0.003 -0.018]
 [ 0.001 -0.014  0.004  0.201 -0.034  0.219]
 [ 0.001 -0.044  0.196  0.374  0.218  0.288]
 [-0.001 -0.026  0.008  0.155  0.007  0.1  ]
 [-0.005 -0.094  0.151  0.042  0.102 -0.095]] 
----------------------------------------------------------------------------------------
   Cr1   Cr2   (  1,   1,   0)  1.7701   ( 6.817,  3.936,  0.000)  7.872 
J_iso:  1.7701 
Orbital contributions:
 isotropic J:
 [[-0.004  0.003  0.001  0.001 -0.001 -0.005]
 [ 0.005  0.204 -0.014 -0.044 -0.026 -0.094]
 [-0.    -0.046  0.004  0.196  0.008  0.151]
 [-0.    -0.122  0.201  0.374  0.155  0.042]
 [-0.001 -0.003 -0.034  0.218  0.007  0.102]
 [-0.003 -0.018  0.219  0.288  0.1   -0.095]] 
----------------------------------------------------------------------------------------
   Cr2   Cr1   (  0,  -2,   0)  0.8544   ( 3.409, -9.840,  0.000) 10.413 
J_iso:  0.8544 
Orbital contributions:
 isotropic J:
 [[-0.     0.002 -0.     0.003 -0.     0.004]
 [ 0.002 -0.022  0.011  0.256 -0.056  0.23 ]
 [-0.     0.041 -0.069  0.012 -0.067  0.014]
 [ 0.003  0.343 -0.002  0.082 -0.035  0.026]
 [-0.    -0.091 -0.032 -0.034 -0.012 -0.078]
 [ 0.004  0.15   0.003  0.03  -0.037  0.174]] 
----------------------------------------------------------------------------------------
   Cr1   Cr2   (  0,   2,   0)  0.8544   (-3.409,  9.840,  0.000) 10.413 
J_iso:  0.8544 
Orbital contributions:
 isotropic J:
 [[-0.     0.002 -0.     0.003 -0.     0.004]
 [ 0.002 -0.022  0.041  0.343 -0.091  0.15 ]
 [-0.     0.011 -0.069 -0.002 -0.032  0.003]
 [ 0.003  0.256  0.012  0.082 -0.034  0.03 ]
 [-0.    -0.056 -0.067 -0.035 -0.012 -0.037]
 [ 0.004  0.23   0.014  0.026 -0.078  0.174]] 
----------------------------------------------------------------------------------------
   Cr1   Cr2   ( -2,   0,   0)  0.8168   (-10.226, -1.968,  0.000) 10.413 
J_iso:  0.8168 
Orbital contributions:
 isotropic J:
 [[-0.     0.002  0.003  0.001  0.004 -0.   ]
 [ 0.002 -0.028  0.237  0.023  0.118  0.037]
 [ 0.002  0.35   0.029  0.032 -0.069  0.058]
 [ 0.001  0.011  0.017 -0.041  0.018 -0.051]
 [ 0.003 -0.016 -0.054 -0.01  -0.066  0.06 ]
 [ 0.     0.049  0.063 -0.02   0.051  0.001]] 
----------------------------------------------------------------------------------------
   Cr2   Cr1   (  2,   0,   0)  0.8168   (10.226,  1.968,  0.000) 10.413 
J_iso:  0.8168 
Orbital contributions:
 isotropic J:
 [[-0.     0.002  0.002  0.001  0.003  0.   ]
 [ 0.002 -0.028  0.35   0.011 -0.016  0.049]
 [ 0.003  0.237  0.029  0.017 -0.054  0.063]
 [ 0.001  0.023  0.032 -0.041 -0.01  -0.02 ]
 [ 0.004  0.118 -0.069  0.018 -0.066  0.051]
 [-0.     0.037  0.058 -0.051  0.06   0.001]] 
----------------------------------------------------------------------------------------
   Cr2   Cr1   ( -1,  -2,   0)  0.7643   (-3.409, -9.840,  0.000) 10.413 
J_iso:  0.7643 
Orbital contributions:
 isotropic J:
 [[-0.     0.002 -0.     0.003 -0.     0.004]
 [ 0.002 -0.021  0.011  0.252 -0.059  0.225]
 [-0.     0.037 -0.07   0.01  -0.067  0.016]
 [ 0.003  0.327 -0.003  0.076 -0.039  0.016]
 [-0.    -0.092 -0.035 -0.032 -0.022 -0.076]
 [ 0.004  0.136 -0.     0.028 -0.044  0.173]] 
----------------------------------------------------------------------------------------
   Cr1   Cr2   (  1,   2,   0)  0.7643   ( 3.409,  9.840,  0.000) 10.413 
J_iso:  0.7643 
Orbital contributions:
 isotropic J:
 [[-0.     0.002 -0.     0.003 -0.     0.004]
 [ 0.002 -0.021  0.037  0.327 -0.092  0.136]
 [-0.     0.011 -0.07  -0.003 -0.035 -0.   ]
 [ 0.003  0.252  0.01   0.076 -0.032  0.028]
 [-0.    -0.059 -0.067 -0.039 -0.022 -0.044]
 [ 0.004  0.225  0.016  0.016 -0.076  0.173]] 
----------------------------------------------------------------------------------------
   Cr1   Cr2   ( -2,  -1,   0)  0.6642   (-6.817, -7.872,  0.000) 10.413 
J_iso:  0.6642 
Orbital contributions:
 isotropic J:
 [[-0.     0.002  0.003  0.001  0.003  0.002]
 [ 0.002 -0.021  0.121  0.106  0.156 -0.028]
 [ 0.002  0.149  0.038 -0.008  0.015 -0.039]
 [ 0.001  0.198  0.027 -0.037  0.049 -0.089]
 [ 0.003  0.151  0.058  0.022  0.196 -0.054]
 [ 0.001 -0.115 -0.073 -0.045 -0.072 -0.06 ]] 
----------------------------------------------------------------------------------------
   Cr2   Cr1   (  2,   1,   0)  0.6642   ( 6.817,  7.872,  0.000) 10.413 
J_iso:  0.6642 
Orbital contributions:
 isotropic J:
 [[-0.     0.002  0.002  0.001  0.003  0.001]
 [ 0.002 -0.021  0.149  0.198  0.151 -0.115]
 [ 0.003  0.121  0.038  0.027  0.058 -0.073]
 [ 0.001  0.106 -0.008 -0.037  0.022 -0.045]
 [ 0.003  0.156  0.015  0.049  0.196 -0.072]
 [ 0.002 -0.028 -0.039 -0.089 -0.054 -0.06 ]] 
----------------------------------------------------------------------------------------
   Cr1   Cr2   (  0,  -1,   0)  0.6702   ( 6.817, -7.872,  0.000) 10.413 
J_iso:  0.6702 
Orbital contributions:
 isotropic J:
 [[-0.     0.002  0.003  0.001  0.004  0.002]
 [ 0.002 -0.021  0.141  0.109  0.173 -0.029]
 [ 0.002  0.15   0.038 -0.005  0.013 -0.037]
 [ 0.001  0.201  0.025 -0.043  0.05  -0.106]
 [ 0.002  0.162  0.06   0.022  0.202 -0.052]
 [ 0.001 -0.117 -0.076 -0.054 -0.071 -0.083]] 
----------------------------------------------------------------------------------------
   Cr2   Cr1   (  0,   1,   0)  0.6702   (-6.817,  7.872,  0.000) 10.413 
J_iso:  0.6702 
Orbital contributions:
 isotropic J:
 [[-0.     0.002  0.002  0.001  0.002  0.001]
 [ 0.002 -0.021  0.15   0.201  0.162 -0.117]
 [ 0.003  0.141  0.038  0.025  0.06  -0.076]
 [ 0.001  0.109 -0.005 -0.043  0.022 -0.054]
 [ 0.004  0.173  0.013  0.05   0.202 -0.071]
 [ 0.002 -0.029 -0.037 -0.106 -0.052 -0.083]] 
----------------------------------------------------------------------------------------
   Cr2   Cr1   ( -1,   0,   0)  0.7369   (-10.226,  1.968,  0.000) 10.413 
J_iso:  0.7369 
Orbital contributions:
 isotropic J:
 [[-0.     0.001  0.002  0.001  0.004  0.   ]
 [ 0.001 -0.018  0.219  0.025  0.094  0.036]
 [ 0.002  0.343  0.03   0.03  -0.078  0.056]
 [ 0.001  0.014  0.013 -0.042  0.019 -0.054]
 [ 0.003 -0.023 -0.059 -0.008 -0.09   0.065]
 [ 0.001  0.053  0.064 -0.02   0.052 -0.001]] 
----------------------------------------------------------------------------------------
   Cr1   Cr2   (  1,   0,   0)  0.7369   (10.226, -1.968,  0.000) 10.413 
J_iso:  0.7369 
Orbital contributions:
 isotropic J:
 [[-0.     0.001  0.002  0.001  0.003  0.001]
 [ 0.001 -0.018  0.343  0.014 -0.023  0.053]
 [ 0.002  0.219  0.03   0.013 -0.059  0.064]
 [ 0.001  0.025  0.03  -0.042 -0.008 -0.02 ]
 [ 0.004  0.094 -0.078  0.019 -0.09   0.052]
 [ 0.     0.036  0.056 -0.054  0.065 -0.001]] 
----------------------------------------------------------------------------------------
   Cr1   Cr1   ( -1,   1,   0)  1.5233   (-10.226,  5.904,  0.000) 11.808 
J_iso:  1.5233 
Orbital contributions:
 isotropic J:
 [[ 0.     0.    -0.    -0.    -0.    -0.   ]
 [ 0.001 -0.017  0.003  0.007  0.01   0.021]
 [-0.     0.04  -0.012  0.051 -0.003  0.118]
 [-0.001  0.131  0.051  0.059  0.118  0.065]
 [-0.     0.093  0.     0.027 -0.03   0.111]
 [-0.     0.295  0.03   0.088  0.117  0.149]] 
----------------------------------------------------------------------------------------
   Cr2   Cr2   ( -1,   1,   0)  1.5389   (-10.226,  5.904,  0.000) 11.808 
J_iso:  1.5389 
Orbital contributions:
 isotropic J:
 [[-0.     0.001 -0.    -0.001 -0.    -0.   ]
 [ 0.    -0.022  0.051  0.164  0.088  0.264]
 [ 0.     0.006 -0.012  0.041 -0.002  0.046]
 [-0.     0.018  0.041  0.077  0.042  0.084]
 [-0.     0.009 -0.012  0.084 -0.024  0.144]
 [-0.     0.02   0.083  0.075  0.144  0.129]] 
----------------------------------------------------------------------------------------
   Cr2   Cr2   (  1,  -1,   0)  1.5389   (10.226, -5.904,  0.000) 11.808 
J_iso:  1.5389 
Orbital contributions:
 isotropic J:
 [[-0.     0.     0.    -0.    -0.    -0.   ]
 [ 0.001 -0.022  0.006  0.018  0.009  0.02 ]
 [-0.     0.051 -0.012  0.041 -0.012  0.083]
 [-0.001  0.164  0.041  0.077  0.084  0.075]
 [-0.     0.088 -0.002  0.042 -0.024  0.144]
 [-0.     0.264  0.046  0.084  0.144  0.129]] 
----------------------------------------------------------------------------------------
   Cr1   Cr1   (  1,  -1,   0)  1.5233   (10.226, -5.904,  0.000) 11.808 
J_iso:  1.5233 
Orbital contributions:
 isotropic J:
 [[ 0.     0.001 -0.    -0.001 -0.    -0.   ]
 [ 0.    -0.017  0.04   0.131  0.093  0.295]
 [-0.     0.003 -0.012  0.051  0.     0.03 ]
 [-0.     0.007  0.051  0.059  0.027  0.088]
 [-0.     0.01  -0.003  0.118 -0.03   0.117]
 [-0.     0.021  0.118  0.065  0.111  0.149]] 
----------------------------------------------------------------------------------------
   Cr1   Cr1   ( -1,  -2,   0)  1.3763   (-0.000, -11.808,  0.000) 11.808 
J_iso:  1.3763 
Orbital contributions:
 isotropic J:
 [[-0.     0.    -0.     0.    -0.     0.   ]
 [ 0.001 -0.027  0.01   0.     0.022  0.   ]
 [-0.001  0.181  0.131 -0.     0.195 -0.   ]
 [ 0.    -0.     0.    -0.002  0.     0.064]
 [-0.     0.381  0.13  -0.     0.319 -0.   ]
 [ 0.    -0.     0.    -0.014  0.    -0.014]] 
----------------------------------------------------------------------------------------
   Cr2   Cr2   ( -1,  -2,   0)  1.3304   (-0.000, -11.808,  0.000) 11.808 
J_iso:  1.3304 
Orbital contributions:
 isotropic J:
 [[ 0.     0.001 -0.001  0.    -0.001  0.   ]
 [ 0.    -0.032  0.205 -0.     0.327 -0.   ]
 [-0.     0.015  0.136 -0.     0.136 -0.   ]
 [-0.    -0.    -0.    -0.015  0.     0.004]
 [-0.     0.018  0.178 -0.     0.315 -0.   ]
 [ 0.    -0.    -0.     0.015  0.     0.03 ]] 
----------------------------------------------------------------------------------------
   Cr1   Cr1   (  1,   2,   0)  1.3763   ( 0.000, 11.808,  0.000) 11.808 
J_iso:  1.3763 
Orbital contributions:
 isotropic J:
 [[-0.     0.001 -0.001  0.    -0.     0.   ]
 [ 0.    -0.027  0.181 -0.     0.381 -0.   ]
 [-0.     0.01   0.131  0.     0.13   0.   ]
 [ 0.     0.    -0.    -0.002 -0.    -0.014]
 [-0.     0.022  0.195  0.     0.319  0.   ]
 [ 0.     0.    -0.     0.064 -0.    -0.014]] 
----------------------------------------------------------------------------------------
   Cr2   Cr2   (  1,   2,   0)  1.3304   ( 0.000, 11.808,  0.000) 11.808 
J_iso:  1.3304 
Orbital contributions:
 isotropic J:
 [[ 0.     0.    -0.    -0.    -0.     0.   ]
 [ 0.001 -0.032  0.015 -0.     0.018 -0.   ]
 [-0.001  0.205  0.136 -0.     0.178 -0.   ]
 [ 0.    -0.    -0.    -0.015 -0.     0.015]
 [-0.001  0.327  0.136  0.     0.315  0.   ]
 [ 0.    -0.    -0.     0.004 -0.     0.03 ]] 
----------------------------------------------------------------------------------------
   Cr1   Cr1   ( -2,  -1,   0)  1.5160   (-10.226, -5.904,  0.000) 11.808 
J_iso:  1.5160 
Orbital contributions:
 isotropic J:
 [[ 0.     0.001 -0.    -0.001 -0.    -0.001]
 [ 0.    -0.031  0.059  0.162  0.094  0.266]
 [-0.     0.007 -0.016  0.041 -0.005  0.041]
 [-0.     0.02   0.038  0.077  0.034  0.086]
 [-0.     0.006 -0.015  0.085 -0.028  0.145]
 [-0.     0.024  0.081  0.076  0.134  0.136]] 
----------------------------------------------------------------------------------------
   Cr2   Cr2   ( -2,  -1,   0)  1.4462   (-10.226, -5.904,  0.000) 11.808 
J_iso:  1.4462 
Orbital contributions:
 isotropic J:
 [[-0.     0.     0.    -0.    -0.    -0.   ]
 [ 0.001 -0.027  0.002  0.011  0.007  0.025]
 [-0.     0.041 -0.014  0.051 -0.003  0.118]
 [-0.001  0.131  0.046  0.059  0.106  0.065]
 [-0.     0.094 -0.002  0.026 -0.031  0.111]
 [-0.001  0.273  0.018  0.089  0.097  0.155]] 
----------------------------------------------------------------------------------------
   Cr1   Cr1   (  2,   1,   0)  1.5160   (10.226,  5.904,  0.000) 11.808 
J_iso:  1.5160 
Orbital contributions:
 isotropic J:
 [[ 0.     0.    -0.    -0.    -0.    -0.   ]
 [ 0.001 -0.031  0.007  0.02   0.006  0.024]
 [-0.     0.059 -0.016  0.038 -0.015  0.081]
 [-0.001  0.162  0.041  0.077  0.085  0.076]
 [-0.     0.094 -0.005  0.034 -0.028  0.134]
 [-0.001  0.266  0.041  0.086  0.145  0.136]] 
----------------------------------------------------------------------------------------
   Cr2   Cr2   (  2,   1,   0)  1.4462   (10.226,  5.904,  0.000) 11.808 
J_iso:  1.4462 
Orbital contributions:
 isotropic J:
 [[-0.     0.001 -0.    -0.001 -0.    -0.001]
 [ 0.    -0.027  0.041  0.131  0.094  0.273]
 [ 0.     0.002 -0.014  0.046 -0.002  0.018]
 [-0.     0.011  0.051  0.059  0.026  0.089]
 [-0.     0.007 -0.003  0.106 -0.031  0.097]
 [-0.     0.025  0.118  0.065  0.111  0.155]] 
----------------------------------------------------------------------------------------
   Cr1   Cr1   (  0,  -2,   0) -0.1230   ( 6.817, -11.808,  0.000) 13.634 
J_iso: -0.1230 
Orbital contributions:
 isotropic J:
 [[-0.     0.     0.    -0.001  0.    -0.001]
 [-0.     0.121 -0.     0.055 -0.016  0.076]
 [-0.001  0.032 -0.001 -0.045 -0.044 -0.065]
 [-0.001  0.049  0.002  0.004 -0.012 -0.001]
 [-0.001  0.06  -0.003 -0.091 -0.053 -0.145]
 [ 0.001  0.004  0.001 -0.007 -0.017 -0.024]] 
----------------------------------------------------------------------------------------
   Cr2   Cr2   (  0,  -2,   0) -0.1713   ( 6.817, -11.808,  0.000) 13.634 
J_iso: -0.1713 
Orbital contributions:
 isotropic J:
 [[ 0.    -0.    -0.001 -0.    -0.001  0.   ]
 [-0.     0.116  0.038  0.032  0.063  0.017]
 [-0.     0.007  0.008  0.002  0.001 -0.008]
 [-0.002  0.063 -0.063  0.003 -0.108 -0.014]
 [ 0.001 -0.029 -0.04  -0.007 -0.08  -0.01 ]
 [-0.001  0.076 -0.074  0.004 -0.141 -0.024]] 
----------------------------------------------------------------------------------------
   Cr1   Cr1   (  0,   2,   0) -0.1230   (-6.817, 11.808,  0.000) 13.634 
J_iso: -0.1230 
Orbital contributions:
 isotropic J:
 [[-0.    -0.    -0.001 -0.001 -0.001  0.001]
 [ 0.     0.121  0.032  0.049  0.06   0.004]
 [ 0.    -0.    -0.001  0.002 -0.003  0.001]
 [-0.001  0.055 -0.045  0.004 -0.091 -0.007]
 [ 0.    -0.016 -0.044 -0.012 -0.053 -0.017]
 [-0.001  0.076 -0.065 -0.001 -0.145 -0.024]] 
----------------------------------------------------------------------------------------
   Cr2   Cr2   (  0,   2,   0) -0.1713   (-6.817, 11.808,  0.000) 13.634 
J_iso: -0.1713 
Orbital contributions:
 isotropic J:
 [[ 0.    -0.    -0.    -0.002  0.001 -0.001]
 [-0.     0.116  0.007  0.063 -0.029  0.076]
 [-0.001  0.038  0.008 -0.063 -0.04  -0.074]
 [-0.     0.032  0.002  0.003 -0.007  0.004]
 [-0.001  0.063  0.001 -0.108 -0.08  -0.141]
 [ 0.     0.017 -0.008 -0.014 -0.01  -0.024]] 
----------------------------------------------------------------------------------------
   Cr1   Cr1   ( -2,   0,   0) -0.1878   (-13.634,  0.000,  0.000) 13.634 
J_iso: -0.1878 
Orbital contributions:
 isotropic J:
 [[-0.    -0.    -0.001 -0.    -0.    -0.   ]
 [-0.     0.113  0.073 -0.002  0.084  0.   ]
 [-0.002  0.075 -0.007 -0.018 -0.017 -0.051]
 [-0.     0.002 -0.007 -0.024 -0.016 -0.054]
 [-0.     0.054 -0.009 -0.003 -0.042 -0.028]
 [-0.     0.001 -0.05  -0.071 -0.061 -0.127]] 
----------------------------------------------------------------------------------------
   Cr2   Cr2   ( -2,   0,   0) -0.1885   (-13.634,  0.000,  0.000) 13.634 
J_iso: -0.1885 
Orbital contributions:
 isotropic J:
 [[ 0.    -0.    -0.001 -0.    -0.    -0.   ]
 [-0.     0.117  0.071 -0.     0.083  0.001]
 [-0.002  0.076 -0.007 -0.026 -0.017 -0.061]
 [-0.    -0.    -0.007 -0.021 -0.011 -0.05 ]
 [ 0.     0.057 -0.008 -0.011 -0.04  -0.037]
 [-0.    -0.002 -0.048 -0.067 -0.051 -0.125]] 
----------------------------------------------------------------------------------------
   Cr2   Cr2   (  2,   0,   0) -0.1885   (13.634,  0.000,  0.000) 13.634 
J_iso: -0.1885 
Orbital contributions:
 isotropic J:
 [[ 0.    -0.    -0.002 -0.     0.    -0.   ]
 [-0.     0.117  0.076 -0.     0.057 -0.002]
 [-0.001  0.071 -0.007 -0.007 -0.008 -0.048]
 [-0.    -0.    -0.026 -0.021 -0.011 -0.067]
 [-0.     0.083 -0.017 -0.011 -0.04  -0.051]
 [-0.     0.001 -0.061 -0.05  -0.037 -0.125]] 
----------------------------------------------------------------------------------------
   Cr1   Cr1   (  2,   0,   0) -0.1878   (13.634,  0.000,  0.000) 13.634 
J_iso: -0.1878 
Orbital contributions:
 isotropic J:
 [[-0.    -0.    -0.002 -0.    -0.    -0.   ]
 [-0.     0.113  0.075  0.002  0.054  0.001]
 [-0.001  0.073 -0.007 -0.007 -0.009 -0.05 ]
 [-0.    -0.002 -0.018 -0.024 -0.003 -0.071]
 [-0.     0.084 -0.017 -0.016 -0.042 -0.061]
 [-0.     0.    -0.051 -0.054 -0.028 -0.127]] 
----------------------------------------------------------------------------------------
   Cr2   Cr2   (  2,   2,   0) -0.1675   ( 6.817, 11.808,  0.000) 13.634 
J_iso: -0.1675 
Orbital contributions:
 isotropic J:
 [[-0.    -0.    -0.    -0.002  0.001 -0.001]
 [-0.     0.108  0.006  0.059 -0.027  0.074]
 [-0.001  0.026  0.008 -0.056 -0.037 -0.068]
 [-0.     0.031  0.005  0.002 -0.006  0.005]
 [-0.001  0.047  0.003 -0.099 -0.07  -0.132]
 [ 0.     0.016 -0.009 -0.014 -0.013 -0.022]] 
----------------------------------------------------------------------------------------
   Cr1   Cr1   ( -2,  -2,   0) -0.1536   (-6.817, -11.808,  0.000) 13.634 
J_iso: -0.1536 
Orbital contributions:
 isotropic J:
 [[ 0.     0.     0.    -0.001  0.    -0.001]
 [-0.     0.104 -0.005  0.057 -0.023  0.08 ]
 [-0.001  0.037  0.001 -0.051 -0.042 -0.071]
 [-0.001  0.044  0.     0.004 -0.013 -0.   ]
 [-0.001  0.061  0.    -0.097 -0.046 -0.15 ]
 [ 0.001  0.     0.001 -0.007 -0.012 -0.022]] 
----------------------------------------------------------------------------------------
   Cr2   Cr2   ( -2,  -2,   0) -0.1675   (-6.817, -11.808,  0.000) 13.634 
J_iso: -0.1675 
Orbital contributions:
 isotropic J:
 [[-0.    -0.    -0.001 -0.    -0.001  0.   ]
 [-0.     0.108  0.026  0.031  0.047  0.016]
 [-0.     0.006  0.008  0.005  0.003 -0.009]
 [-0.002  0.059 -0.056  0.002 -0.099 -0.014]
 [ 0.001 -0.027 -0.037 -0.006 -0.07  -0.013]
 [-0.001  0.074 -0.068  0.005 -0.132 -0.022]] 
----------------------------------------------------------------------------------------
   Cr1   Cr1   (  2,   2,   0) -0.1536   ( 6.817, 11.808,  0.000) 13.634 
J_iso: -0.1536 
Orbital contributions:
 isotropic J:
 [[ 0.    -0.    -0.001 -0.001 -0.001  0.001]
 [ 0.     0.104  0.037  0.044  0.061  0.   ]
 [ 0.    -0.005  0.001  0.     0.     0.001]
 [-0.001  0.057 -0.051  0.004 -0.097 -0.007]
 [ 0.    -0.023 -0.042 -0.013 -0.046 -0.012]
 [-0.001  0.08  -0.071 -0.    -0.15  -0.022]] 
----------------------------------------------------------------------------------------
   Cr1   Cr2   ( -1,   2,   0) -0.4078   (-10.226,  9.840,  0.000) 14.191 
J_iso: -0.4078 
Orbital contributions:
 isotropic J:
 [[ 0.     0.     0.    -0.     0.    -0.   ]
 [ 0.    -0.091  0.001  0.001  0.005 -0.013]
 [ 0.    -0.    -0.005 -0.005 -0.01  -0.002]
 [-0.001 -0.005 -0.005 -0.053 -0.004 -0.074]
 [ 0.    -0.002 -0.002 -0.014  0.004  0.013]
 [-0.001 -0.022 -0.011 -0.054  0.013 -0.073]] 
----------------------------------------------------------------------------------------
   Cr2   Cr1   (  1,  -2,   0) -0.4078   (10.226, -9.840,  0.000) 14.191 
J_iso: -0.4078 
Orbital contributions:
 isotropic J:
 [[ 0.     0.     0.    -0.001  0.    -0.001]
 [ 0.    -0.091 -0.    -0.005 -0.002 -0.022]
 [ 0.     0.001 -0.005 -0.005 -0.002 -0.011]
 [-0.     0.001 -0.005 -0.053 -0.014 -0.054]
 [ 0.     0.005 -0.01  -0.004  0.004  0.013]
 [-0.    -0.013 -0.002 -0.074  0.013 -0.073]] 
----------------------------------------------------------------------------------------
   Cr2   Cr1   (  2,  -1,   0) -0.5300   (13.634, -3.936,  0.000) 14.191 
J_iso: -0.5300 
Orbital contributions:
 isotropic J:
 [[ 0.     0.    -0.    -0.    -0.    -0.   ]
 [ 0.    -0.091 -0.018  0.004 -0.012 -0.014]
 [-0.    -0.007 -0.022 -0.016 -0.015 -0.041]
 [-0.     0.004 -0.021 -0.015 -0.034 -0.013]
 [-0.    -0.006 -0.031 -0.031 -0.014 -0.049]
 [ 0.    -0.006 -0.037 -0.013 -0.047  0.015]] 
----------------------------------------------------------------------------------------
   Cr1   Cr2   ( -2,   1,   0) -0.5300   (-13.634,  3.936,  0.000) 14.191 
J_iso: -0.5300 
Orbital contributions:
 isotropic J:
 [[ 0.     0.    -0.    -0.    -0.     0.   ]
 [ 0.    -0.091 -0.007  0.004 -0.006 -0.006]
 [-0.    -0.018 -0.022 -0.021 -0.031 -0.037]
 [-0.     0.004 -0.016 -0.015 -0.031 -0.013]
 [-0.    -0.012 -0.015 -0.034 -0.014 -0.047]
 [-0.    -0.014 -0.041 -0.013 -0.049  0.015]] 
----------------------------------------------------------------------------------------
   Cr1   Cr2   ( -1,  -2,   0) -0.4678   ( 3.409, -13.776,  0.000) 14.191 
J_iso: -0.4678 
Orbital contributions:
 isotropic J:
 [[ 0.     0.    -0.001  0.    -0.     0.   ]
 [ 0.    -0.07   0.006 -0.01  -0.006 -0.002]
 [-0.001  0.024 -0.051 -0.002 -0.075 -0.001]
 [-0.    -0.014 -0.008 -0.015 -0.011 -0.025]
 [-0.001 -0.011 -0.084  0.    -0.088  0.011]
 [ 0.     0.002  0.    -0.022  0.003 -0.018]] 
----------------------------------------------------------------------------------------
   Cr2   Cr1   (  1,   2,   0) -0.4678   (-3.409, 13.776,  0.000) 14.191 
J_iso: -0.4678 
Orbital contributions:
 isotropic J:
 [[ 0.     0.    -0.001 -0.    -0.001  0.   ]
 [ 0.    -0.07   0.024 -0.014 -0.011  0.002]
 [-0.001  0.006 -0.051 -0.008 -0.084  0.   ]
 [ 0.    -0.01  -0.002 -0.015  0.    -0.022]
 [-0.    -0.006 -0.075 -0.011 -0.088  0.003]
 [ 0.    -0.002 -0.001 -0.025  0.011 -0.018]] 
----------------------------------------------------------------------------------------
   Cr1   Cr2   ( -2,  -2,   0) -0.4918   (-3.409, -13.776,  0.000) 14.191 
J_iso: -0.4918 
Orbital contributions:
 isotropic J:
 [[ 0.     0.    -0.001 -0.    -0.     0.   ]
 [ 0.001 -0.074 -0.001 -0.008 -0.02  -0.001]
 [-0.001  0.024 -0.053 -0.006 -0.078 -0.005]
 [-0.    -0.014 -0.004 -0.015 -0.005 -0.026]
 [-0.001 -0.008 -0.086 -0.003 -0.092  0.01 ]
 [ 0.     0.002  0.004 -0.023  0.011 -0.02 ]] 
----------------------------------------------------------------------------------------
   Cr2   Cr1   (  2,   2,   0) -0.4918   ( 3.409, 13.776,  0.000) 14.191 
J_iso: -0.4918 
Orbital contributions:
 isotropic J:
 [[ 0.     0.001 -0.001 -0.    -0.001  0.   ]
 [ 0.    -0.074  0.024 -0.014 -0.008  0.002]
 [-0.001 -0.001 -0.053 -0.004 -0.086  0.004]
 [-0.    -0.008 -0.006 -0.015 -0.003 -0.023]
 [-0.    -0.02  -0.078 -0.005 -0.092  0.011]
 [ 0.    -0.001 -0.005 -0.026  0.01  -0.02 ]] 
----------------------------------------------------------------------------------------
   Cr2   Cr1   ( -2,  -2,   0) -0.4579   (-10.226, -9.840,  0.000) 14.191 
J_iso: -0.4579 
Orbital contributions:
 isotropic J:
 [[ 0.     0.     0.    -0.001  0.    -0.001]
 [ 0.    -0.086 -0.004 -0.003 -0.004 -0.013]
 [ 0.    -0.006 -0.005 -0.003 -0.01  -0.002]
 [-0.001  0.001 -0.005 -0.057 -0.004 -0.08 ]
 [ 0.    -0.009 -0.002 -0.014  0.003  0.012]
 [-0.001 -0.024 -0.011 -0.061  0.015 -0.085]] 
----------------------------------------------------------------------------------------
   Cr1   Cr2   (  2,   2,   0) -0.4579   (10.226,  9.840,  0.000) 14.191 
J_iso: -0.4579 
Orbital contributions:
 isotropic J:
 [[ 0.     0.     0.    -0.001  0.    -0.001]
 [ 0.    -0.086 -0.006  0.001 -0.009 -0.024]
 [ 0.    -0.004 -0.005 -0.005 -0.002 -0.011]
 [-0.001 -0.003 -0.003 -0.057 -0.014 -0.061]
 [ 0.    -0.004 -0.01  -0.004  0.003  0.015]
 [-0.001 -0.013 -0.002 -0.08   0.012 -0.085]] 
----------------------------------------------------------------------------------------
   Cr2   Cr1   ( -2,  -1,   0) -0.4675   (-13.634, -3.936,  0.000) 14.191 
J_iso: -0.4675 
Orbital contributions:
 isotropic J:
 [[ 0.     0.    -0.    -0.    -0.001  0.   ]
 [ 0.    -0.078 -0.01   0.005 -0.009 -0.002]
 [-0.    -0.021 -0.021 -0.013 -0.027 -0.028]
 [-0.     0.009 -0.016 -0.015 -0.029 -0.013]
 [-0.    -0.015 -0.01  -0.027 -0.001 -0.04 ]
 [-0.    -0.017 -0.039 -0.015 -0.044  0.009]] 
----------------------------------------------------------------------------------------
   Cr1   Cr2   (  2,   1,   0) -0.4675   (13.634,  3.936,  0.000) 14.191 
J_iso: -0.4675 
Orbital contributions:
 isotropic J:
 [[ 0.     0.    -0.    -0.    -0.    -0.   ]
 [ 0.    -0.078 -0.021  0.009 -0.015 -0.017]
 [-0.    -0.01  -0.021 -0.016 -0.01  -0.039]
 [-0.     0.005 -0.013 -0.015 -0.027 -0.015]
 [-0.001 -0.009 -0.027 -0.029 -0.001 -0.044]
 [ 0.    -0.002 -0.028 -0.013 -0.04   0.009]] 
----------------------------------------------------------------------------------------
   Cr2   Cr1   ( -1,  -3,   0) -0.5446   (-0.000, -15.744,  0.000) 15.744 
J_iso: -0.5446 
Orbital contributions:
 isotropic J:
 [[ 0.    -0.    -0.     0.     0.     0.   ]
 [-0.     0.003  0.01  -0.    -0.003 -0.   ]
 [-0.     0.017  0.064 -0.     0.089 -0.   ]
 [ 0.     0.    -0.    -0.217 -0.    -0.173]
 [ 0.    -0.011  0.001 -0.    -0.101 -0.   ]
 [-0.    -0.    -0.    -0.161 -0.    -0.064]] 
----------------------------------------------------------------------------------------
   Cr1   Cr2   (  1,   3,   0) -0.5446   ( 0.000, 15.744,  0.000) 15.744 
J_iso: -0.5446 
Orbital contributions:
 isotropic J:
 [[ 0.    -0.    -0.     0.     0.    -0.   ]
 [-0.     0.003  0.017  0.    -0.011 -0.   ]
 [-0.     0.01   0.064 -0.     0.001 -0.   ]
 [ 0.    -0.    -0.    -0.217 -0.    -0.161]
 [ 0.    -0.003  0.089 -0.    -0.101 -0.   ]
 [ 0.    -0.    -0.    -0.173 -0.    -0.064]] 
----------------------------------------------------------------------------------------
   Cr2   Cr1   (  3,   1,   0) -0.6870   (13.634,  7.872,  0.000) 15.744 
J_iso: -0.6870 
Orbital contributions:
 isotropic J:
 [[ 0.    -0.    -0.    -0.     0.     0.   ]
 [-0.     0.003  0.006  0.012 -0.002 -0.01 ]
 [-0.     0.002 -0.114 -0.03  -0.103 -0.014]
 [ 0.     0.008 -0.033  0.002 -0.014 -0.067]
 [-0.    -0.002 -0.1    0.001 -0.065  0.001]
 [ 0.    -0.003 -0.001 -0.015  0.001 -0.151]] 
----------------------------------------------------------------------------------------
   Cr1   Cr2   ( -3,  -1,   0) -0.6870   (-13.634, -7.872,  0.000) 15.744 
J_iso: -0.6870 
Orbital contributions:
 isotropic J:
 [[ 0.    -0.    -0.     0.    -0.     0.   ]
 [-0.     0.003  0.002  0.008 -0.002 -0.003]
 [-0.     0.006 -0.114 -0.033 -0.1   -0.001]
 [-0.     0.012 -0.03   0.002  0.001 -0.015]
 [ 0.    -0.002 -0.103 -0.014 -0.065  0.001]
 [ 0.    -0.01  -0.014 -0.067  0.001 -0.151]] 
----------------------------------------------------------------------------------------
   Cr2   Cr1   ( -1,   1,   0) -0.6663   (-13.634,  7.872,  0.000) 15.744 
J_iso: -0.6663 
Orbital contributions:
 isotropic J:
 [[ 0.    -0.     0.    -0.     0.     0.   ]
 [-0.     0.004  0.002  0.01  -0.001 -0.001]
 [-0.     0.006 -0.111 -0.032 -0.098  0.   ]
 [-0.     0.014 -0.031  0.003  0.001 -0.011]
 [ 0.    -0.    -0.103 -0.014 -0.067 -0.001]
 [ 0.    -0.01  -0.013 -0.065 -0.002 -0.146]] 
----------------------------------------------------------------------------------------
   Cr1   Cr2   (  1,  -1,   0) -0.6663   (13.634, -7.872,  0.000) 15.744 
J_iso: -0.6663 
Orbital contributions:
 isotropic J:
 [[ 0.    -0.    -0.    -0.     0.     0.   ]
