==========================================================================================
Information: 
Exchange parameters generated by TB2J 0.8.2
Generation time: 24/03/04 16:58:35
 Input from collinear Wannier90 data.
 Tight binding data from ./. 
 Prefix of wannier function files:up/cri3_up and dn/cri3_dn.
Warning: Please check if the noise level of Wannier function Hamiltonian to make sure it is much smaller than the exchange values.

==========================================================================================
Cell (Angstrom):
6.81714342  0.00000000  0.00000000
-3.40857171  5.90381938  0.00000000
0.00000000  0.00000000  20.07837375

==========================================================================================
Atoms:  
(Note: charge and magmoms only count the wannier functions.)
Atom number        x             y             z       w_charge  w_magmom 
Cr1            -0.00000000    3.93587959    0.00000000    5.2811    3.1514
Cr2             3.40857171    1.96793979    0.00000000    5.2986    3.1198
I1             -1.20700161    2.09058812    1.54465550    5.3488    0.0316
I2             -2.20157010    3.81323127   -1.54465490    5.3566   -0.0908
I3              1.20700161    2.09058812   -1.54465490    5.0324    0.1181
I4              2.20157010    3.81323127    1.54465550    5.1277   -0.0325
I5              2.41400322    0.00000000    1.54465550    5.1757   -0.1959
I6              4.40314020    0.00000000   -1.54465490    5.3466   -0.1049
Total                                                    41.9675    5.9968

==========================================================================================
Orbitals used in decomposition: 
The name of the orbitals for the decomposition: 
Cr1 : ['orb_1', 'orb_2', 'orb_3', 'orb_4', 'orb_5', 'orb_6']
Cr2 : ['orb_1', 'orb_2', 'orb_3', 'orb_4', 'orb_5', 'orb_6']

==========================================================================================
Exchange: 
    i      j          R        J_iso(meV)          vector          distance(A) 
----------------------------------------------------------------------------------------
   Cr1   Cr2   (  0,   1,   0)  1.5331   ( 0.000,  3.936,  0.000)  3.936 
J_iso:  1.5331 
Orbital contributions:
 isotropic J:
 [[ 0.018  0.151 -0.123 -0.012  0.492 -0.   ]
 [ 0.059 -0.132  0.198  0.    -0.315 -0.   ]
 [ 0.003  0.333  0.812  0.    -0.074 -0.   ]
 [ 0.008  0.    -0.001 -0.162 -0.004 -0.385]
 [ 0.042 -0.688  0.149  0.     1.476  0.001]
 [ 0.011  0.004  0.007 -0.321  0.008 -0.022]] 
----------------------------------------------------------------------------------------
   Cr2   Cr1   (  0,  -1,   0)  1.5331   (-0.000, -3.936,  0.000)  3.936 
J_iso:  1.5331 
Orbital contributions:
 isotropic J:
 [[ 0.018  0.059  0.003  0.008  0.042  0.011]
 [ 0.151 -0.132  0.333  0.    -0.688  0.004]
 [-0.123  0.198  0.812 -0.001  0.149  0.007]
 [-0.012  0.     0.    -0.162  0.    -0.321]
 [ 0.492 -0.315 -0.074 -0.004  1.476  0.008]
 [-0.    -0.    -0.    -0.385  0.001 -0.022]] 
----------------------------------------------------------------------------------------
   Cr1   Cr2   ( -1,   0,   0)  0.5292   (-3.409, -1.968,  0.000)  3.936 
J_iso:  0.5292 
Orbital contributions:
 isotropic J:
 [[ 0.001 -0.112 -0.023  0.002  0.001  0.011]
 [-0.012 -0.047  0.056  0.226 -0.236 -0.502]
 [-0.01   0.023 -0.121  0.199 -0.157 -0.046]
 [-0.012  0.012  0.181  0.302 -0.033  0.023]
 [-0.037 -0.06  -0.088 -0.157 -0.035  0.453]
 [-0.036 -0.192 -0.261  0.03   0.445  0.744]] 
----------------------------------------------------------------------------------------
   Cr2   Cr1   (  1,   0,   0)  0.5292   ( 3.409,  1.968,  0.000)  3.936 
J_iso:  0.5292 
Orbital contributions:
 isotropic J:
 [[ 0.001 -0.012 -0.01  -0.012 -0.037 -0.036]
 [-0.112 -0.047  0.023  0.012 -0.06  -0.192]
 [-0.023  0.056 -0.121  0.181 -0.088 -0.261]
 [ 0.002  0.226  0.199  0.302 -0.157  0.03 ]
 [ 0.001 -0.236 -0.157 -0.033 -0.035  0.445]
 [ 0.011 -0.502 -0.046  0.023  0.453  0.744]] 
----------------------------------------------------------------------------------------
   Cr1   Cr2   (  0,   0,   0)  1.0818   ( 3.409, -1.968,  0.000)  3.936 
J_iso:  1.0818 
Orbital contributions:
 isotropic J:
 [[ 0.005  0.016 -0.026  0.027  0.066  0.043]
 [ 0.119 -0.22   0.136  0.303 -0.31  -0.412]
 [ 0.004  0.036 -0.155  0.237 -0.147 -0.015]
 [-0.156  0.137  0.222  0.322  0.016  0.094]
 [ 0.196 -0.097 -0.094 -0.173 -0.116  0.425]
 [ 0.381 -0.489 -0.129  0.102  0.109  0.623]] 
----------------------------------------------------------------------------------------
   Cr2   Cr1   (  0,   0,   0)  1.0818   (-3.409,  1.968,  0.000)  3.936 
J_iso:  1.0818 
Orbital contributions:
 isotropic J:
 [[ 0.005  0.119  0.004 -0.156  0.196  0.381]
 [ 0.016 -0.22   0.036  0.137 -0.097 -0.489]
 [-0.026  0.136 -0.155  0.222 -0.094 -0.129]
 [ 0.027  0.303  0.237  0.322 -0.173  0.102]
 [ 0.066 -0.31  -0.147  0.016 -0.116  0.109]
 [ 0.043 -0.412 -0.015  0.094  0.425  0.623]] 
----------------------------------------------------------------------------------------
   Cr1   Cr1   (  0,  -1,   0)  0.8660   ( 3.409, -5.904,  0.000)  6.817 
J_iso:  0.8660 
Orbital contributions:
 isotropic J:
 [[-0.001  0.019  0.003 -0.005  0.01   0.03 ]
 [ 0.019 -0.019 -0.002  0.005 -0.014  0.056]
 [ 0.002  0.021 -0.007  0.202 -0.007  0.007]
 [ 0.002  0.007  0.045  0.224  0.002  0.022]
 [ 0.008  0.023 -0.018  0.069  0.012 -0.033]
 [ 0.006 -0.003  0.006  0.044 -0.004  0.134]] 
----------------------------------------------------------------------------------------
   Cr1   Cr1   (  0,   1,   0)  0.8660   (-3.409,  5.904,  0.000)  6.817 
J_iso:  0.8660 
Orbital contributions:
 isotropic J:
 [[-0.001  0.019  0.002  0.002  0.008  0.006]
 [ 0.019 -0.019  0.021  0.007  0.023 -0.003]
 [ 0.003 -0.002 -0.007  0.045 -0.018  0.006]
 [-0.005  0.005  0.202  0.224  0.069  0.044]
 [ 0.01  -0.014 -0.007  0.002  0.012 -0.004]
 [ 0.03   0.056  0.007  0.022 -0.033  0.134]] 
----------------------------------------------------------------------------------------
   Cr2   Cr2   (  0,   1,   0)  0.8959   (-3.409,  5.904,  0.000)  6.817 
J_iso:  0.8959 
Orbital contributions:
 isotropic J:
 [[ 0.     0.029 -0.001 -0.001 -0.001  0.008]
 [ 0.    -0.018 -0.001  0.022 -0.011  0.037]
 [-0.001  0.002 -0.001  0.215 -0.019  0.062]
 [-0.003 -0.001  0.043  0.23   0.005  0.04 ]
 [-0.029  0.063 -0.007  0.003  0.031  0.014]
 [-0.002 -0.002 -0.005  0.017  0.014  0.161]] 
----------------------------------------------------------------------------------------
   Cr2   Cr2   (  0,  -1,   0)  0.8959   ( 3.409, -5.904,  0.000)  6.817 
J_iso:  0.8959 
Orbital contributions:
 isotropic J:
 [[ 0.     0.    -0.001 -0.003 -0.029 -0.002]
 [ 0.029 -0.018  0.002 -0.001  0.063 -0.002]
 [-0.001 -0.001 -0.001  0.043 -0.007 -0.005]
 [-0.001  0.022  0.215  0.23   0.003  0.017]
 [-0.001 -0.011 -0.019  0.005  0.031  0.014]
 [ 0.008  0.037  0.062  0.04   0.014  0.161]] 
----------------------------------------------------------------------------------------
   Cr2   Cr2   (  1,   0,   0)  0.7469   ( 6.817,  0.000,  0.000)  6.817 
J_iso:  0.7469 
Orbital contributions:
 isotropic J:
 [[ 0.001  0.     0.002  0.002 -0.002 -0.001]
 [-0.015 -0.015  0.018  0.008  0.013  0.006]
 [ 0.002 -0.003  0.452  0.014  0.111  0.003]
 [-0.    -0.003  0.018 -0.008  0.007 -0.02 ]
 [-0.042  0.038  0.029  0.001  0.193  0.013]
 [ 0.003  0.016 -0.002 -0.028 -0.005 -0.06 ]] 
----------------------------------------------------------------------------------------
   Cr1   Cr1   ( -1,   0,   0)  0.7680   (-6.817,  0.000,  0.000)  6.817 
J_iso:  0.7680 
Orbital contributions:
 isotropic J:
 [[ 0.001  0.004  0.005  0.001  0.018  0.014]
 [ 0.004 -0.023 -0.01  -0.01   0.019  0.012]
 [ 0.012  0.013  0.438  0.01   0.026 -0.002]
 [ 0.    -0.002  0.019 -0.011  0.002 -0.03 ]
 [-0.     0.013  0.083  0.003  0.232  0.005]
 [ 0.002  0.006  0.014 -0.019 -0.013 -0.068]] 
----------------------------------------------------------------------------------------
   Cr2   Cr2   ( -1,   0,   0)  0.7469   (-6.817,  0.000,  0.000)  6.817 
J_iso:  0.7469 
Orbital contributions:
 isotropic J:
 [[ 0.001 -0.015  0.002 -0.    -0.042  0.003]
 [ 0.    -0.015 -0.003 -0.003  0.038  0.016]
 [ 0.002  0.018  0.452  0.018  0.029 -0.002]
 [ 0.002  0.008  0.014 -0.008  0.001 -0.028]
 [-0.002  0.013  0.111  0.007  0.193 -0.005]
 [-0.001  0.006  0.003 -0.02   0.013 -0.06 ]] 
----------------------------------------------------------------------------------------
   Cr1   Cr1   (  1,   0,   0)  0.7680   ( 6.817,  0.000,  0.000)  6.817 
J_iso:  0.7680 
Orbital contributions:
 isotropic J:
 [[ 0.001  0.004  0.012  0.    -0.     0.002]
 [ 0.004 -0.023  0.013 -0.002  0.013  0.006]
 [ 0.005 -0.01   0.438  0.019  0.083  0.014]
 [ 0.001 -0.01   0.01  -0.011  0.003 -0.019]
 [ 0.018  0.019  0.026  0.002  0.232 -0.013]
 [ 0.014  0.012 -0.002 -0.03   0.005 -0.068]] 
----------------------------------------------------------------------------------------
   Cr1   Cr1   ( -1,  -1,   0)  0.8837   (-3.409, -5.904,  0.000)  6.817 
J_iso:  0.8837 
Orbital contributions:
 isotropic J:
 [[ 0.     0.01  -0.004  0.001  0.005  0.003]
 [ 0.006 -0.029  0.001 -0.014 -0.013  0.067]
 [ 0.001  0.006  0.001  0.207 -0.009  0.001]
 [-0.002  0.002  0.041  0.237 -0.003  0.014]
 [ 0.     0.026 -0.016  0.049  0.015 -0.002]
 [-0.001 -0.005  0.001  0.035  0.017  0.235]] 
----------------------------------------------------------------------------------------
   Cr2   Cr2   ( -1,  -1,   0)  0.8368   (-3.409, -5.904,  0.000)  6.817 
J_iso:  0.8368 
Orbital contributions:
 isotropic J:
 [[ 0.001 -0.005 -0.008  0.008  0.024 -0.019]
 [-0.003 -0.026 -0.    -0.002  0.035 -0.   ]
 [ 0.003 -0.    -0.006  0.043 -0.012 -0.003]
 [ 0.009  0.009  0.192  0.237 -0.001  0.023]
 [-0.001 -0.008 -0.019  0.003  0.026  0.015]
 [ 0.003  0.021  0.066  0.039  0.011  0.184]] 
----------------------------------------------------------------------------------------
   Cr1   Cr1   (  1,   1,   0)  0.8837   ( 3.409,  5.904,  0.000)  6.817 
J_iso:  0.8837 
Orbital contributions:
 isotropic J:
 [[ 0.     0.006  0.001 -0.002  0.    -0.001]
 [ 0.01  -0.029  0.006  0.002  0.026 -0.005]
 [-0.004  0.001  0.001  0.041 -0.016  0.001]
 [ 0.001 -0.014  0.207  0.237  0.049  0.035]
 [ 0.005 -0.013 -0.009 -0.003  0.015  0.017]
 [ 0.003  0.067  0.001  0.014 -0.002  0.235]] 
----------------------------------------------------------------------------------------
   Cr2   Cr2   (  1,   1,   0)  0.8368   ( 3.409,  5.904,  0.000)  6.817 
J_iso:  0.8368 
Orbital contributions:
 isotropic J:
 [[ 0.001 -0.003  0.003  0.009 -0.001  0.003]
 [-0.005 -0.026 -0.     0.009 -0.008  0.021]
 [-0.008 -0.    -0.006  0.192 -0.019  0.066]
 [ 0.008 -0.002  0.043  0.237  0.003  0.039]
 [ 0.024  0.035 -0.012 -0.001  0.026  0.011]
 [-0.019 -0.    -0.003  0.023  0.015  0.184]] 
----------------------------------------------------------------------------------------
   Cr1   Cr2   ( -1,   1,   0) -0.2086   (-6.817,  3.936,  0.000)  7.872 
J_iso: -0.2086 
Orbital contributions:
 isotropic J:
 [[-0.     0.001  0.008 -0.002 -0.004  0.001]
 [-0.    -0.004  0.     0.001 -0.002 -0.006]
 [-0.     0.001  0.011 -0.018 -0.019 -0.004]
 [-0.002  0.002 -0.017  0.069 -0.001 -0.059]
 [-0.002 -0.001 -0.003 -0.002  0.043 -0.034]
 [-0.002 -0.002 -0.002 -0.027 -0.047 -0.087]] 
----------------------------------------------------------------------------------------
   Cr2   Cr1   (  1,  -1,   0) -0.2086   ( 6.817, -3.936,  0.000)  7.872 
J_iso: -0.2086 
Orbital contributions:
 isotropic J:
 [[-0.    -0.    -0.    -0.002 -0.002 -0.002]
 [ 0.001 -0.004  0.001  0.002 -0.001 -0.002]
 [ 0.008  0.     0.011 -0.017 -0.003 -0.002]
 [-0.002  0.001 -0.018  0.069 -0.002 -0.027]
 [-0.004 -0.002 -0.019 -0.001  0.043 -0.047]
 [ 0.001 -0.006 -0.004 -0.059 -0.034 -0.087]] 
----------------------------------------------------------------------------------------
   Cr1   Cr2   ( -1,  -1,   0) -0.1679   ( 0.000, -7.872,  0.000)  7.872 
J_iso: -0.1679 
Orbital contributions:
 isotropic J:
 [[ 0.    -0.     0.004  0.     0.006 -0.001]
 [ 0.001 -0.003  0.003 -0.    -0.006  0.   ]
 [ 0.003  0.002  0.073  0.    -0.081 -0.   ]
 [-0.003 -0.     0.    -0.026 -0.     0.001]
 [ 0.005 -0.006 -0.04  -0.    -0.156 -0.   ]
 [-0.005  0.     0.     0.009 -0.001  0.054]] 
----------------------------------------------------------------------------------------
   Cr2   Cr1   (  1,   1,   0) -0.1679   (-0.000,  7.872,  0.000)  7.872 
J_iso: -0.1679 
Orbital contributions:
 isotropic J:
 [[ 0.     0.001  0.003 -0.003  0.005 -0.005]
 [-0.    -0.003  0.002 -0.    -0.006  0.   ]
 [ 0.004  0.003  0.073  0.    -0.04   0.   ]
 [ 0.    -0.     0.    -0.026 -0.     0.009]
 [ 0.006 -0.006 -0.081 -0.    -0.156 -0.001]
 [-0.001  0.    -0.     0.001 -0.     0.054]] 
----------------------------------------------------------------------------------------
   Cr2   Cr1   ( -1,  -1,   0) -0.2163   (-6.817, -3.936,  0.000)  7.872 
J_iso: -0.2163 
Orbital contributions:
 isotropic J:
 [[-0.     0.    -0.001 -0.004 -0.004 -0.001]
 [ 0.002 -0.004 -0.     0.003 -0.004 -0.009]
 [ 0.002  0.001  0.012 -0.015 -0.019 -0.002]
 [ 0.003  0.003 -0.013  0.05  -0.008 -0.059]
 [ 0.001 -0.001  0.    -0.003  0.03  -0.05 ]
 [ 0.002 -0.003 -0.001 -0.022 -0.048 -0.055]] 
----------------------------------------------------------------------------------------
   Cr1   Cr2   (  1,   1,   0) -0.2163   ( 6.817,  3.936,  0.000)  7.872 
J_iso: -0.2163 
Orbital contributions:
 isotropic J:
 [[-0.     0.002  0.002  0.003  0.001  0.002]
 [ 0.    -0.004  0.001  0.003 -0.001 -0.003]
 [-0.001 -0.     0.012 -0.013  0.    -0.001]
 [-0.004  0.003 -0.015  0.05  -0.003 -0.022]
 [-0.004 -0.004 -0.019 -0.008  0.03  -0.048]
 [-0.001 -0.009 -0.002 -0.059 -0.05  -0.055]] 
----------------------------------------------------------------------------------------
   Cr2   Cr1   (  0,  -2,   0) -0.0014   ( 3.409, -9.840,  0.000) 10.413 
J_iso: -0.0014 
Orbital contributions:
 isotropic J:
 [[ 0.     0.     0.    -0.     0.     0.001]
 [ 0.001 -0.001  0.003  0.004  0.    -0.01 ]
 [ 0.     0.003 -0.002  0.006 -0.001 -0.001]
 [-0.001  0.003  0.005  0.007 -0.001 -0.002]
 [-0.     0.001 -0.001  0.001 -0.005 -0.   ]
 [-0.    -0.008  0.004 -0.001 -0.005 -0.001]] 
----------------------------------------------------------------------------------------
   Cr1   Cr2   (  0,   2,   0) -0.0014   (-3.409,  9.840,  0.000) 10.413 
J_iso: -0.0014 
Orbital contributions:
 isotropic J:
 [[ 0.     0.001  0.    -0.001 -0.    -0.   ]
 [ 0.    -0.001  0.003  0.003  0.001 -0.008]
 [ 0.     0.003 -0.002  0.005 -0.001  0.004]
 [-0.     0.004  0.006  0.007  0.001 -0.001]
 [ 0.     0.    -0.001 -0.001 -0.005 -0.005]
 [ 0.001 -0.01  -0.001 -0.002 -0.    -0.001]] 
----------------------------------------------------------------------------------------
   Cr1   Cr2   ( -2,   0,   0) -0.0064   (-10.226, -1.968,  0.000) 10.413 
J_iso: -0.0064 
Orbital contributions:
 isotropic J:
 [[ 0.    -0.001  0.     0.    -0.001  0.   ]
 [-0.    -0.     0.008 -0.001 -0.007 -0.002]
 [-0.     0.005  0.014 -0.    -0.004  0.002]
 [ 0.    -0.001 -0.001  0.001  0.    -0.   ]
 [ 0.    -0.004  0.     0.001 -0.002 -0.009]
 [ 0.    -0.004  0.001  0.001 -0.005  0.002]] 
----------------------------------------------------------------------------------------
   Cr2   Cr1   (  2,   0,   0) -0.0064   (10.226,  1.968,  0.000) 10.413 
J_iso: -0.0064 
Orbital contributions:
 isotropic J:
 [[ 0.    -0.    -0.     0.     0.     0.   ]
 [-0.001 -0.     0.005 -0.001 -0.004 -0.004]
 [ 0.     0.008  0.014 -0.001  0.     0.001]
 [ 0.    -0.001 -0.     0.001  0.001  0.001]
 [-0.001 -0.007 -0.004  0.    -0.002 -0.005]
 [ 0.    -0.002  0.002 -0.    -0.009  0.002]] 
----------------------------------------------------------------------------------------
   Cr2   Cr1   ( -1,  -2,   0)  0.0002   (-3.409, -9.840,  0.000) 10.413 
J_iso:  0.0002 
Orbital contributions:
 isotropic J:
 [[-0.    -0.     0.     0.     0.     0.002]
 [-0.    -0.     0.004  0.005  0.001 -0.011]
 [ 0.     0.004 -0.002  0.006 -0.001  0.   ]
 [-0.002  0.002  0.005  0.007 -0.    -0.004]
 [ 0.     0.001 -0.001  0.001 -0.005 -0.001]
 [-0.    -0.005  0.004 -0.001 -0.007 -0.002]] 
----------------------------------------------------------------------------------------
   Cr1   Cr2   (  1,   2,   0)  0.0002   ( 3.409,  9.840,  0.000) 10.413 
J_iso:  0.0002 
Orbital contributions:
 isotropic J:
 [[-0.    -0.     0.    -0.002  0.    -0.   ]
 [-0.    -0.     0.004  0.002  0.001 -0.005]
 [ 0.     0.004 -0.002  0.005 -0.001  0.004]
 [ 0.     0.005  0.006  0.007  0.001 -0.001]
 [ 0.     0.001 -0.001 -0.    -0.005 -0.007]
 [ 0.002 -0.011  0.    -0.004 -0.001 -0.002]] 
----------------------------------------------------------------------------------------
   Cr1   Cr2   ( -2,  -1,   0) -0.0032   (-6.817, -7.872,  0.000) 10.413 
J_iso: -0.0032 
Orbital contributions:
 isotropic J:
 [[ 0.     0.    -0.     0.    -0.002  0.   ]
 [-0.    -0.    -0.     0.008 -0.009 -0.002]
 [-0.    -0.001 -0.     0.005 -0.    -0.001]
 [-0.     0.007  0.005  0.005  0.    -0.004]
 [ 0.    -0.006  0.     0.002 -0.007  0.002]
 [-0.     0.001  0.    -0.     0.003 -0.009]] 
----------------------------------------------------------------------------------------
   Cr2   Cr1   (  2,   1,   0) -0.0032   ( 6.817,  7.872,  0.000) 10.413 
J_iso: -0.0032 
Orbital contributions:
 isotropic J:
 [[ 0.    -0.    -0.    -0.     0.    -0.   ]
 [ 0.    -0.    -0.001  0.007 -0.006  0.001]
 [-0.    -0.    -0.     0.005  0.     0.   ]
 [ 0.     0.008  0.005  0.005  0.002 -0.   ]
 [-0.002 -0.009 -0.     0.    -0.007  0.003]
 [ 0.    -0.002 -0.001 -0.004  0.002 -0.009]] 
----------------------------------------------------------------------------------------
   Cr1   Cr2   (  0,  -1,   0) -0.0057   ( 6.817, -7.872,  0.000) 10.413 
J_iso: -0.0057 
Orbital contributions:
 isotropic J:
 [[-0.     0.001  0.002 -0.    -0.002 -0.   ]
 [ 0.001 -0.001 -0.     0.008 -0.009  0.002]
 [-0.    -0.001 -0.     0.005 -0.001 -0.001]
 [-0.001  0.006  0.008  0.005  0.001 -0.004]
 [-0.    -0.007 -0.     0.003 -0.011  0.002]
 [-0.001  0.001 -0.    -0.     0.001 -0.011]] 
----------------------------------------------------------------------------------------
   Cr2   Cr1   (  0,   1,   0) -0.0057   (-6.817,  7.872,  0.000) 10.413 
J_iso: -0.0057 
Orbital contributions:
 isotropic J:
 [[-0.     0.001 -0.    -0.001 -0.    -0.001]
 [ 0.001 -0.001 -0.001  0.006 -0.007  0.001]
 [ 0.002 -0.    -0.     0.008 -0.    -0.   ]
 [-0.     0.008  0.005  0.005  0.003 -0.   ]
 [-0.002 -0.009 -0.001  0.001 -0.011  0.001]
 [-0.     0.002 -0.001 -0.004  0.002 -0.011]] 
----------------------------------------------------------------------------------------
   Cr2   Cr1   ( -1,   0,   0) -0.0045   (-10.226,  1.968,  0.000) 10.413 
J_iso: -0.0045 
Orbital contributions:
 isotropic J:
 [[-0.    -0.002 -0.     0.001  0.001  0.003]
 [-0.     0.     0.008 -0.001 -0.008 -0.003]
 [ 0.     0.005  0.015 -0.    -0.005  0.001]
 [-0.    -0.001 -0.001  0.002  0.     0.   ]
 [-0.    -0.005  0.001  0.002  0.    -0.009]
 [ 0.    -0.003 -0.     0.001 -0.008 -0.   ]] 
----------------------------------------------------------------------------------------
   Cr1   Cr2   (  1,   0,   0) -0.0045   (10.226, -1.968,  0.000) 10.413 
J_iso: -0.0045 
Orbital contributions:
 isotropic J:
 [[-0.    -0.     0.    -0.    -0.     0.   ]
 [-0.002  0.     0.005 -0.001 -0.005 -0.003]
 [-0.     0.008  0.015 -0.001  0.001 -0.   ]
 [ 0.001 -0.001 -0.     0.002  0.002  0.001]
 [ 0.001 -0.008 -0.005  0.     0.    -0.008]
 [ 0.003 -0.003  0.001  0.    -0.009 -0.   ]] 
----------------------------------------------------------------------------------------
   Cr1   Cr1   ( -1,   1,   0) -0.0278   (-10.226,  5.904,  0.000) 11.808 
J_iso: -0.0278 
Orbital contributions:
 isotropic J:
 [[-0.    -0.     0.001  0.    -0.001 -0.   ]
 [ 0.    -0.     0.     0.001  0.    -0.   ]
 [ 0.    -0.002 -0.009 -0.002  0.002  0.001]
 [-0.    -0.003 -0.002  0.003  0.    -0.002]
 [ 0.    -0.002 -0.001  0.002 -0.002 -0.004]
 [ 0.    -0.007  0.001  0.002 -0.003 -0.002]] 
----------------------------------------------------------------------------------------
   Cr2   Cr2   ( -1,   1,   0) -0.0301   (-10.226,  5.904,  0.000) 11.808 
J_iso: -0.0301 
Orbital contributions:
 isotropic J:
 [[ 0.     0.    -0.002  0.001  0.002  0.001]
 [-0.    -0.    -0.001 -0.003 -0.002 -0.007]
 [-0.     0.    -0.007 -0.003 -0.002  0.002]
 [ 0.     0.    -0.003  0.002  0.002 -0.001]
 [-0.    -0.     0.001  0.001 -0.003 -0.004]
 [ 0.     0.    -0.    -0.001 -0.003 -0.001]] 
----------------------------------------------------------------------------------------
   Cr2   Cr2   (  1,  -1,   0) -0.0301   (10.226, -5.904,  0.000) 11.808 
J_iso: -0.0301 
Orbital contributions:
 isotropic J:
 [[ 0.    -0.    -0.     0.    -0.     0.   ]
 [ 0.    -0.     0.     0.    -0.     0.   ]
 [-0.002 -0.001 -0.007 -0.003  0.001 -0.   ]
 [ 0.001 -0.003 -0.003  0.002  0.001 -0.001]
 [ 0.002 -0.002 -0.002  0.002 -0.003 -0.003]
 [ 0.001 -0.007  0.002 -0.001 -0.004 -0.001]] 
----------------------------------------------------------------------------------------
   Cr1   Cr1   (  1,  -1,   0) -0.0278   (10.226, -5.904,  0.000) 11.808 
J_iso: -0.0278 
Orbital contributions:
 isotropic J:
 [[-0.     0.     0.    -0.     0.     0.   ]
 [-0.    -0.    -0.002 -0.003 -0.002 -0.007]
 [ 0.001  0.    -0.009 -0.002 -0.001  0.001]
 [ 0.     0.001 -0.002  0.003  0.002  0.002]
 [-0.001  0.     0.002  0.    -0.002 -0.003]
 [-0.    -0.     0.001 -0.002 -0.004 -0.002]] 
----------------------------------------------------------------------------------------
   Cr1   Cr1   ( -1,  -2,   0) -0.0273   (-0.000, -11.808,  0.000) 11.808 
J_iso: -0.0273 
Orbital contributions:
 isotropic J:
 [[-0.    -0.    -0.     0.    -0.    -0.   ]
 [ 0.     0.     0.001 -0.     0.     0.   ]
 [-0.    -0.005  0.005 -0.    -0.002  0.   ]
 [-0.001  0.     0.    -0.014 -0.     0.004]
 [-0.    -0.007  0.004 -0.    -0.003  0.   ]
 [-0.     0.    -0.    -0.001  0.    -0.007]] 
----------------------------------------------------------------------------------------
   Cr2   Cr2   ( -1,  -2,   0) -0.0304   (-0.000, -11.808,  0.000) 11.808 
J_iso: -0.0304 
Orbital contributions:
 isotropic J:
 [[-0.     0.     0.     0.     0.     0.001]
 [ 0.    -0.    -0.004  0.    -0.01  -0.   ]
 [-0.     0.001  0.003  0.     0.001 -0.   ]
 [-0.001 -0.     0.    -0.013 -0.    -0.001]
 [-0.     0.001 -0.001  0.    -0.    -0.   ]
 [-0.001 -0.    -0.     0.002  0.    -0.008]] 
----------------------------------------------------------------------------------------
   Cr1   Cr1   (  1,   2,   0) -0.0273   ( 0.000, 11.808,  0.000) 11.808 
J_iso: -0.0273 
Orbital contributions:
 isotropic J:
 [[-0.     0.    -0.    -0.001 -0.    -0.   ]
 [-0.     0.    -0.005  0.    -0.007  0.   ]
 [-0.     0.001  0.005  0.     0.004 -0.   ]
 [ 0.    -0.    -0.    -0.014 -0.    -0.001]
 [-0.     0.    -0.002 -0.    -0.003  0.   ]
 [-0.     0.     0.     0.004  0.    -0.007]] 
----------------------------------------------------------------------------------------
   Cr2   Cr2   (  1,   2,   0) -0.0304   ( 0.000, 11.808,  0.000) 11.808 
J_iso: -0.0304 
Orbital contributions:
 isotropic J:
 [[-0.     0.    -0.    -0.001 -0.    -0.001]
 [ 0.    -0.     0.001 -0.     0.001 -0.   ]
 [ 0.    -0.004  0.003  0.    -0.001 -0.   ]
 [ 0.     0.     0.    -0.013  0.     0.002]
 [ 0.    -0.01   0.001 -0.    -0.     0.   ]
 [ 0.001 -0.    -0.    -0.001 -0.    -0.008]] 
----------------------------------------------------------------------------------------
   Cr1   Cr1   ( -2,  -1,   0) -0.0286   (-10.226, -5.904,  0.000) 11.808 
J_iso: -0.0286 
Orbital contributions:
 isotropic J:
 [[ 0.    -0.    -0.    -0.    -0.    -0.   ]
 [ 0.    -0.    -0.001 -0.003 -0.003 -0.008]
 [ 0.     0.    -0.006 -0.003 -0.001  0.002]
 [ 0.     0.    -0.002  0.     0.002 -0.001]
 [ 0.     0.     0.002 -0.001 -0.002 -0.003]
 [-0.     0.    -0.001  0.    -0.002  0.001]] 
----------------------------------------------------------------------------------------
   Cr2   Cr2   ( -2,  -1,   0) -0.0281   (-10.226, -5.904,  0.000) 11.808 
J_iso: -0.0281 
Orbital contributions:
 isotropic J:
 [[ 0.    -0.    -0.     0.    -0.     0.   ]
 [-0.    -0.     0.     0.001 -0.     0.   ]
 [-0.    -0.001 -0.007 -0.002  0.001  0.   ]
 [-0.    -0.004 -0.002  0.002  0.    -0.   ]
 [-0.    -0.003 -0.001  0.003 -0.002 -0.003]
 [ 0.    -0.005  0.002  0.001 -0.004 -0.   ]] 
----------------------------------------------------------------------------------------
   Cr1   Cr1   (  2,   1,   0) -0.0286   (10.226,  5.904,  0.000) 11.808 
J_iso: -0.0286 
Orbital contributions:
 isotropic J:
 [[ 0.     0.     0.     0.     0.    -0.   ]
 [-0.    -0.     0.     0.     0.     0.   ]
 [-0.    -0.001 -0.006 -0.002  0.002 -0.001]
 [-0.    -0.003 -0.003  0.    -0.001  0.   ]
 [-0.    -0.003 -0.001  0.002 -0.002 -0.002]
 [-0.    -0.008  0.002 -0.001 -0.003  0.001]] 
----------------------------------------------------------------------------------------
   Cr2   Cr2   (  2,   1,   0) -0.0281   (10.226,  5.904,  0.000) 11.808 
J_iso: -0.0281 
Orbital contributions:
 isotropic J:
 [[ 0.    -0.    -0.    -0.    -0.     0.   ]
 [-0.    -0.    -0.001 -0.004 -0.003 -0.005]
 [-0.     0.    -0.007 -0.002 -0.001  0.002]
 [ 0.     0.001 -0.002  0.002  0.003  0.001]
 [-0.    -0.     0.001  0.    -0.002 -0.004]
 [ 0.     0.     0.    -0.    -0.003 -0.   ]] 
----------------------------------------------------------------------------------------
   Cr1   Cr1   (  0,  -2,   0) -0.0087   ( 6.817, -11.808,  0.000) 13.634 
J_iso: -0.0087 
Orbital contributions:
 isotropic J:
 [[-0.    -0.    -0.     0.     0.     0.   ]
 [-0.    -0.001 -0.    -0.     0.     0.   ]
 [-0.    -0.    -0.     0.    -0.    -0.   ]
 [-0.    -0.001 -0.002 -0.001 -0.    -0.001]
 [-0.     0.    -0.    -0.001  0.     0.   ]
 [ 0.     0.     0.    -0.001 -0.    -0.   ]] 
----------------------------------------------------------------------------------------
   Cr2   Cr2   (  0,  -2,   0) -0.0079   ( 6.817, -11.808,  0.000) 13.634 
J_iso: -0.0079 
Orbital contributions:
 isotropic J:
 [[-0.     0.     0.     0.     0.     0.   ]
 [ 0.    -0.001 -0.    -0.     0.     0.   ]
 [-0.    -0.    -0.    -0.002 -0.    -0.   ]
 [-0.    -0.     0.    -0.001 -0.    -0.001]
 [ 0.     0.    -0.    -0.     0.    -0.   ]
 [-0.     0.    -0.    -0.001  0.    -0.   ]] 
----------------------------------------------------------------------------------------
   Cr1   Cr1   (  0,   2,   0) -0.0087   (-6.817, 11.808,  0.000) 13.634 
J_iso: -0.0087 
Orbital contributions:
 isotropic J:
 [[-0.    -0.    -0.    -0.    -0.     0.   ]
 [-0.    -0.001 -0.    -0.001  0.     0.   ]
 [-0.    -0.    -0.    -0.002 -0.     0.   ]
 [ 0.    -0.     0.    -0.001 -0.001 -0.001]
 [ 0.     0.    -0.    -0.     0.    -0.   ]
 [ 0.     0.    -0.    -0.001  0.    -0.   ]] 
----------------------------------------------------------------------------------------
   Cr2   Cr2   (  0,   2,   0) -0.0079   (-6.817, 11.808,  0.000) 13.634 
J_iso: -0.0079 
Orbital contributions:
 isotropic J:
 [[-0.     0.    -0.    -0.     0.    -0.   ]
 [ 0.    -0.001 -0.    -0.     0.     0.   ]
 [ 0.    -0.    -0.     0.    -0.    -0.   ]
 [ 0.    -0.    -0.002 -0.001 -0.    -0.001]
 [ 0.     0.    -0.    -0.     0.     0.   ]
 [ 0.     0.    -0.    -0.001 -0.    -0.   ]] 
----------------------------------------------------------------------------------------
   Cr1   Cr1   ( -2,   0,   0) -0.0083   (-13.634,  0.000,  0.000) 13.634 
J_iso: -0.0083 
Orbital contributions:
 isotropic J:
 [[-0.    -0.     0.    -0.    -0.     0.   ]
 [-0.    -0.001 -0.    -0.     0.    -0.   ]
 [ 0.    -0.    -0.001 -0.001 -0.001 -0.   ]
 [-0.    -0.    -0.001 -0.     0.    -0.   ]
 [-0.     0.    -0.001  0.    -0.001 -0.   ]
 [ 0.     0.    -0.001 -0.     0.     0.   ]] 
----------------------------------------------------------------------------------------
   Cr2   Cr2   ( -2,   0,   0) -0.0093   (-13.634,  0.000,  0.000) 13.634 
J_iso: -0.0093 
Orbital contributions:
 isotropic J:
 [[-0.     0.    -0.     0.    -0.     0.   ]
 [ 0.    -0.001 -0.    -0.     0.     0.   ]
 [ 0.    -0.    -0.001 -0.001 -0.002 -0.001]
 [ 0.    -0.    -0.001 -0.     0.    -0.   ]
 [ 0.     0.    -0.002  0.    -0.001 -0.   ]
 [ 0.     0.    -0.    -0.    -0.     0.   ]] 
----------------------------------------------------------------------------------------
   Cr2   Cr2   (  2,   0,   0) -0.0093   (13.634,  0.000,  0.000) 13.634 
J_iso: -0.0093 
Orbital contributions:
 isotropic J:
 [[-0.     0.     0.     0.     0.     0.   ]
 [ 0.    -0.001 -0.    -0.     0.     0.   ]
 [-0.    -0.    -0.001 -0.001 -0.002 -0.   ]
 [ 0.    -0.    -0.001 -0.     0.    -0.   ]
 [-0.     0.    -0.002  0.    -0.001 -0.   ]
 [ 0.     0.    -0.001 -0.    -0.     0.   ]] 
----------------------------------------------------------------------------------------
   Cr1   Cr1   (  2,   0,   0) -0.0083   (13.634,  0.000,  0.000) 13.634 
J_iso: -0.0083 
Orbital contributions:
 isotropic J:
 [[-0.    -0.     0.    -0.    -0.     0.   ]
 [-0.    -0.001 -0.    -0.     0.     0.   ]
 [ 0.    -0.    -0.001 -0.001 -0.001 -0.001]
 [-0.    -0.    -0.001 -0.     0.    -0.   ]
 [-0.     0.    -0.001  0.    -0.001  0.   ]
 [ 0.    -0.    -0.    -0.    -0.     0.   ]] 
----------------------------------------------------------------------------------------
   Cr2   Cr2   (  2,   2,   0) -0.0082   ( 6.817, 11.808,  0.000) 13.634 
J_iso: -0.0082 
Orbital contributions:
 isotropic J:
 [[ 0.    -0.    -0.     0.    -0.     0.   ]
 [-0.    -0.001 -0.    -0.     0.     0.   ]
 [-0.    -0.    -0.     0.    -0.    -0.   ]
 [-0.    -0.001 -0.002 -0.001 -0.    -0.001]
 [-0.     0.    -0.    -0.     0.     0.   ]
 [ 0.     0.     0.    -0.001 -0.    -0.001]] 
----------------------------------------------------------------------------------------
   Cr1   Cr1   ( -2,  -2,   0) -0.0079   (-6.817, -11.808,  0.000) 13.634 
J_iso: -0.0079 
Orbital contributions:
 isotropic J:
 [[ 0.     0.     0.     0.     0.    -0.   ]
 [ 0.    -0.001 -0.    -0.    -0.     0.   ]
 [-0.    -0.    -0.     0.    -0.    -0.   ]
 [ 0.    -0.    -0.002 -0.001 -0.    -0.001]
 [-0.     0.    -0.    -0.     0.     0.   ]
 [-0.     0.    -0.    -0.001 -0.001 -0.001]] 
----------------------------------------------------------------------------------------
   Cr2   Cr2   ( -2,  -2,   0) -0.0082   (-6.817, -11.808,  0.000) 13.634 
J_iso: -0.0082 
Orbital contributions:
 isotropic J:
 [[ 0.    -0.    -0.    -0.    -0.     0.   ]
 [-0.    -0.001 -0.    -0.001  0.     0.   ]
 [-0.    -0.    -0.    -0.002 -0.     0.   ]
 [ 0.    -0.     0.    -0.001 -0.    -0.001]
 [-0.     0.    -0.    -0.     0.    -0.   ]
 [ 0.     0.    -0.    -0.001  0.    -0.001]] 
----------------------------------------------------------------------------------------
   Cr1   Cr1   (  2,   2,   0) -0.0079   ( 6.817, 11.808,  0.000) 13.634 
J_iso: -0.0079 
Orbital contributions:
 isotropic J:
 [[ 0.     0.    -0.     0.    -0.    -0.   ]
 [ 0.    -0.001 -0.    -0.     0.     0.   ]
 [ 0.    -0.    -0.    -0.002 -0.    -0.   ]
 [ 0.    -0.     0.    -0.001 -0.    -0.001]
 [ 0.    -0.    -0.    -0.     0.    -0.001]
 [-0.     0.    -0.    -0.001  0.    -0.001]] 
----------------------------------------------------------------------------------------
   Cr1   Cr2   ( -1,   2,   0) -0.0001   (-10.226,  9.840,  0.000) 14.191 
J_iso: -0.0001 
Orbital contributions:
 isotropic J:
 [[-0.    -0.    -0.    -0.    -0.     0.   ]
 [-0.     0.     0.     0.     0.     0.   ]
 [ 0.     0.     0.001 -0.     0.    -0.   ]
 [-0.     0.    -0.    -0.    -0.    -0.   ]
 [-0.     0.     0.001 -0.    -0.    -0.   ]
 [-0.     0.    -0.001 -0.    -0.    -0.   ]] 
----------------------------------------------------------------------------------------
   Cr2   Cr1   (  1,  -2,   0) -0.0001   (10.226, -9.840,  0.000) 14.191 
J_iso: -0.0001 
Orbital contributions:
 isotropic J:
 [[-0.    -0.     0.    -0.    -0.    -0.   ]
 [-0.     0.     0.     0.     0.     0.   ]
 [-0.     0.     0.001 -0.     0.001 -0.001]
 [-0.     0.    -0.    -0.    -0.    -0.   ]
 [-0.     0.     0.    -0.    -0.    -0.   ]
 [ 0.     0.    -0.    -0.    -0.    -0.   ]] 
----------------------------------------------------------------------------------------
   Cr2   Cr1   (  2,  -1,   0) -0.0001   (13.634, -3.936,  0.000) 14.191 
J_iso: -0.0001 
Orbital contributions:
 isotropic J:
 [[-0.    -0.    -0.     0.    -0.    -0.   ]
 [-0.     0.     0.     0.     0.     0.   ]
 [ 0.     0.    -0.     0.001 -0.001  0.   ]
 [-0.     0.     0.     0.001  0.     0.   ]
 [ 0.     0.    -0.001  0.    -0.    -0.   ]
 [-0.     0.     0.    -0.    -0.    -0.   ]] 
----------------------------------------------------------------------------------------
   Cr1   Cr2   ( -2,   1,   0) -0.0001   (-13.634,  3.936,  0.000) 14.191 
J_iso: -0.0001 
Orbital contributions:
 isotropic J:
 [[-0.    -0.     0.    -0.     0.    -0.   ]
 [-0.     0.     0.     0.     0.     0.   ]
 [-0.     0.    -0.     0.    -0.001  0.   ]
 [ 0.     0.     0.001  0.001  0.    -0.   ]
 [-0.     0.    -0.001  0.    -0.    -0.   ]
 [-0.     0.     0.     0.    -0.    -0.   ]] 
----------------------------------------------------------------------------------------
   Cr1   Cr2   ( -1,  -2,   0)  0.0001   ( 3.409, -13.776,  0.000) 14.191 
J_iso:  0.0001 
Orbital contributions:
 isotropic J:
 [[-0.    -0.    -0.     0.    -0.     0.   ]
 [-0.     0.     0.     0.     0.    -0.   ]
 [-0.     0.     0.     0.     0.    -0.   ]
 [ 0.     0.     0.     0.001 -0.     0.   ]
 [-0.     0.     0.    -0.     0.    -0.001]
 [-0.     0.    -0.     0.    -0.    -0.   ]] 
----------------------------------------------------------------------------------------
   Cr2   Cr1   (  1,   2,   0)  0.0001   (-3.409, 13.776,  0.000) 14.191 
J_iso:  0.0001 
Orbital contributions:
 isotropic J:
 [[-0.    -0.    -0.     0.    -0.    -0.   ]
 [-0.     0.     0.     0.     0.     0.   ]
 [-0.     0.     0.     0.     0.    -0.   ]
 [ 0.     0.     0.     0.001 -0.     0.   ]
 [-0.     0.     0.    -0.     0.    -0.   ]
 [ 0.    -0.    -0.     0.    -0.001 -0.   ]] 
----------------------------------------------------------------------------------------
   Cr1   Cr2   ( -2,  -2,   0) -0.0002   (-3.409, -13.776,  0.000) 14.191 
J_iso: -0.0002 
Orbital contributions:
 isotropic J:
 [[-0.     0.    -0.    -0.     0.     0.   ]
 [ 0.     0.     0.     0.     0.     0.   ]
 [ 0.     0.     0.     0.     0.    -0.   ]
 [ 0.     0.     0.     0.001 -0.    -0.   ]
 [ 0.     0.     0.    -0.     0.    -0.   ]
 [ 0.    -0.    -0.    -0.    -0.     0.   ]] 
----------------------------------------------------------------------------------------
   Cr2   Cr1   (  2,   2,   0) -0.0002   ( 3.409, 13.776,  0.000) 14.191 
J_iso: -0.0002 
Orbital contributions:
 isotropic J:
 [[-0.     0.     0.     0.     0.     0.   ]
 [ 0.     0.     0.     0.     0.    -0.   ]
 [-0.     0.     0.     0.     0.    -0.   ]
 [-0.     0.     0.     0.001 -0.    -0.   ]
 [ 0.     0.     0.    -0.     0.    -0.   ]
 [ 0.     0.    -0.    -0.    -0.     0.   ]] 
----------------------------------------------------------------------------------------
   Cr2   Cr1   ( -2,  -2,   0) -0.0003   (-10.226, -9.840,  0.000) 14.191 
J_iso: -0.0003 
Orbital contributions:
 isotropic J:
 [[ 0.    -0.     0.    -0.     0.    -0.   ]
 [-0.     0.     0.     0.     0.     0.   ]
 [-0.     0.     0.001 -0.     0.    -0.   ]
 [-0.     0.    -0.    -0.    -0.    -0.   ]
 [-0.    -0.     0.001  0.    -0.001 -0.   ]
 [-0.     0.    -0.    -0.    -0.    -0.   ]] 
----------------------------------------------------------------------------------------
   Cr1   Cr2   (  2,   2,   0) -0.0003   (10.226,  9.840,  0.000) 14.191 
J_iso: -0.0003 
Orbital contributions:
 isotropic J:
 [[ 0.    -0.    -0.    -0.    -0.    -0.   ]
 [-0.     0.     0.     0.    -0.     0.   ]
 [ 0.     0.     0.001 -0.     0.001 -0.   ]
 [-0.     0.    -0.    -0.     0.    -0.   ]
 [ 0.     0.     0.    -0.    -0.001 -0.   ]
 [-0.     0.    -0.    -0.    -0.    -0.   ]] 
----------------------------------------------------------------------------------------
   Cr2   Cr1   ( -2,  -1,   0) -0.0000   (-13.634, -3.936,  0.000) 14.191 
J_iso: -0.0000 
Orbital contributions:
 isotropic J:
 [[ 0.    -0.    -0.    -0.     0.     0.   ]
 [-0.     0.     0.     0.     0.     0.   ]
 [ 0.     0.    -0.     0.    -0.001  0.   ]
 [ 0.     0.     0.     0.001  0.    -0.   ]
 [ 0.     0.    -0.001 -0.    -0.    -0.   ]
 [-0.     0.     0.     0.    -0.    -0.   ]] 
----------------------------------------------------------------------------------------
   Cr1   Cr2   (  2,   1,   0) -0.0000   (13.634,  3.936,  0.000) 14.191 
J_iso: -0.0000 
Orbital contributions:
 isotropic J:
 [[ 0.    -0.     0.     0.     0.    -0.   ]
 [-0.     0.     0.     0.     0.     0.   ]
 [-0.     0.    -0.     0.    -0.001  0.   ]
 [-0.     0.     0.     0.001 -0.     0.   ]
 [ 0.     0.    -0.001  0.    -0.    -0.   ]
 [ 0.     0.     0.    -0.    -0.    -0.   ]] 
----------------------------------------------------------------------------------------
   Cr2   Cr1   ( -1,  -3,   0) -0.0058   (-0.000, -15.744,  0.000) 15.744 
J_iso: -0.0058 
Orbital contributions:
 isotropic J:
 [[ 0.     0.     0.     0.    -0.     0.   ]
 [ 0.    -0.     0.     0.    -0.    -0.   ]
 [-0.     0.     0.    -0.    -0.     0.   ]
 [-0.     0.     0.    -0.005 -0.     0.001]
 [ 0.     0.    -0.    -0.     0.    -0.   ]
 [-0.    -0.    -0.     0.     0.    -0.002]] 
----------------------------------------------------------------------------------------
   Cr1   Cr2   (  1,   3,   0) -0.0058   ( 0.000, 15.744,  0.000) 15.744 
J_iso: -0.0058 
Orbital contributions:
 isotropic J:
 [[ 0.     0.    -0.    -0.     0.    -0.   ]
 [ 0.    -0.     0.     0.     0.    -0.   ]
 [ 0.     0.     0.     0.    -0.    -0.   ]
 [ 0.     0.    -0.    -0.005 -0.     0.   ]
 [-0.    -0.    -0.    -0.     0.     0.   ]
 [ 0.    -0.     0.     0.001 -0.    -0.002]] 
----------------------------------------------------------------------------------------
   Cr2   Cr1   (  3,   1,   0) -0.0062   (13.634,  7.872,  0.000) 15.744 
J_iso: -0.0062 
Orbital contributions:
 isotropic J:
 [[-0.    -0.    -0.    -0.     0.    -0.   ]
 [-0.    -0.     0.    -0.     0.     0.   ]
 [-0.     0.    -0.003 -0.001  0.    -0.   ]
 [ 0.     0.    -0.001  0.    -0.     0.   ]
 [-0.    -0.     0.     0.    -0.001 -0.   ]
 [-0.    -0.     0.     0.    -0.     0.   ]] 
----------------------------------------------------------------------------------------
   Cr1   Cr2   ( -3,  -1,   0) -0.0062   (-13.634, -7.872,  0.000) 15.744 
J_iso: -0.0062 
Orbital contributions:
 isotropic J:
 [[-0.    -0.    -0.     0.    -0.    -0.   ]
 [-0.    -0.     0.     0.    -0.    -0.   ]
 [-0.     0.    -0.003 -0.001  0.     0.   ]
 [-0.    -0.    -0.001  0.     0.     0.   ]
 [ 0.     0.     0.    -0.    -0.001 -0.   ]
 [-0.     0.    -0.     0.    -0.     0.   ]] 
----------------------------------------------------------------------------------------
   Cr2   Cr1   ( -1,   1,   0) -0.0060   (-13.634,  7.872,  0.000) 15.744 
J_iso: -0.0060 
Orbital contributions:
 isotropic J:
 [[-0.     0.    -0.     0.     0.     0.   ]
 [ 0.    -0.     0.     0.    -0.    -0.   ]
 [ 0.     0.    -0.003 -0.001  0.     0.   ]
 [-0.     0.    -0.001  0.     0.    -0.   ]
 [-0.    -0.     0.     0.    -0.001 -0.   ]
 [ 0.    -0.    -0.    -0.    -0.     0.   ]] 
----------------------------------------------------------------------------------------
   Cr1   Cr2   (  1,  -1,   0) -0.0060   (13.634, -7.872,  0.000) 15.744 
J_iso: -0.0060 
Orbital contributions:
 isotropic J:
 [[-0.     0.     0.    -0.    -0.     0.   ]
