==========================================================================================
Information: 
Exchange parameters generated by TB2J 0.8.2.1
Generation time: 24/04/08 18:33:07
 Input from collinear Wannier90 data.
 Tight binding data from ./. 
 Prefix of wannier function files:FeO_up and FeO_down.
Warning: Please check if the noise level of Wannier function Hamiltonian to make sure it is much smaller than the exchange values.

==========================================================================================
Cell (Angstrom):
2.16698067  2.16698067  4.33396134
2.16698067  4.33396134  2.16698067
4.33396134  2.16698067  2.16698067

==========================================================================================
Atoms:  
(Note: charge and magmoms only count the wannier functions.)
Atom number        x             y             z       w_charge  w_magmom 
O1              2.16698067    2.16698067    2.16698067    5.4697   -0.0000
O2              6.50094200    6.50094200    6.50094200    5.4718   -0.0006
Fe1             0.00000000    0.00000000    0.00000000    6.5187    3.6425
Fe2             4.33396134    4.33396134    4.33396134    6.5213   -3.6419
Total                                                    23.9815    0.0000

==========================================================================================
Orbitals used in decomposition: 
The name of the orbitals for the decomposition: 
Fe1 : ['orb_1', 'orb_2', 'orb_3', 'orb_4', 'orb_5', 'orb_6']
Fe2 : ['orb_1', 'orb_2', 'orb_3', 'orb_4', 'orb_5', 'orb_6']

==========================================================================================
Exchange: 
    i      j          R        J_iso(meV)          vector          distance(A) 
----------------------------------------------------------------------------------------
   Fe1   Fe2   ( -1,   0,   0) -0.0707   ( 2.167,  2.167,  0.000)  3.065 
J_iso: -0.0707 
Orbital contributions:
 isotropic J:
 [[-0.024 -0.054 -0.057 -0.    -0.206 -0.004]
 [-0.052  0.042 -0.233  0.006  0.057 -0.001]
 [-0.053 -0.233  0.041  0.006  0.052 -0.   ]
 [ 0.     0.006  0.006 -0.036 -0.     0.   ]
 [-0.195  0.057  0.055  0.     0.75  -0.001]
 [-0.003 -0.    -0.     0.    -0.002  0.006]] 
----------------------------------------------------------------------------------------
   Fe1   Fe1   ( -1,   0,   1)  0.2436   ( 2.167,  0.000, -2.167)  3.065 
J_iso:  0.2436 
Orbital contributions:
 isotropic J:
 [[-0.095 -0.117 -0.003 -0.007  0.011  0.006]
 [-0.093  0.86   0.046 -0.286  0.047  0.087]
 [-0.004 -0.366  0.254 -0.02   0.168  0.005]
 [-0.008 -0.332  0.005 -0.046 -0.002  0.019]
 [-0.008 -0.36   0.168 -0.028  0.253  0.004]
 [ 0.005  0.063  0.003  0.016  0.004 -0.006]] 
----------------------------------------------------------------------------------------
   Fe1   Fe1   ( -1,   1,   0)  0.2397   ( 0.000,  2.167, -2.167)  3.065 
J_iso:  0.2397 
Orbital contributions:
 isotropic J:
 [[-0.096 -0.001 -0.115 -0.007  0.009  0.007]
 [-0.005  0.255 -0.366 -0.02   0.169  0.006]
 [-0.092  0.043  0.863 -0.28   0.047  0.088]
 [-0.007  0.007 -0.343 -0.046 -0.002  0.019]
 [-0.009  0.167 -0.36  -0.026  0.25   0.004]
 [ 0.005  0.003  0.061  0.015  0.004 -0.006]] 
----------------------------------------------------------------------------------------
   Fe1   Fe2   (  0,  -1,   0) -0.0767   ( 2.167,  0.000,  2.167)  3.065 
J_iso: -0.0767 
Orbital contributions:
 isotropic J:
 [[-0.034 -0.051 -0.024 -0.002  0.005 -0.   ]
 [-0.048  0.75   0.059 -0.144  0.054 -0.001]
 [-0.026  0.053  0.04  -0.022 -0.233 -0.   ]
 [-0.002 -0.153 -0.029 -0.027 -0.053 -0.003]
 [ 0.009  0.055 -0.232 -0.055  0.04  -0.   ]
 [-0.001 -0.002 -0.001 -0.003 -0.     0.006]] 
----------------------------------------------------------------------------------------
   Fe1   Fe1   (  0,  -1,   1)  0.2539   ( 2.167, -2.167,  0.000)  3.065 
J_iso:  0.2539 
Orbital contributions:
 isotropic J:
 [[-0.029  0.012 -0.     0.    -0.449  0.026]
 [-0.037  0.25   0.165  0.002 -0.36   0.004]
 [-0.025  0.168  0.253  0.002 -0.362  0.005]
 [-0.     0.003  0.002 -0.13   0.     0.   ]
 [-0.368  0.048  0.045 -0.     0.855  0.087]
 [ 0.022  0.004  0.003  0.     0.063 -0.006]] 
----------------------------------------------------------------------------------------
   Fe1   Fe2   (  0,   0,  -1) -0.0683   ( 0.000,  2.167,  2.167)  3.065 
J_iso: -0.0683 
Orbital contributions:
 isotropic J:
 [[-0.033 -0.023 -0.05  -0.001  0.006 -0.001]
 [-0.027  0.04   0.053 -0.022 -0.232 -0.   ]
 [-0.048  0.055  0.751 -0.145  0.056 -0.003]
 [-0.002 -0.027 -0.148 -0.028 -0.052 -0.002]
 [ 0.009 -0.233  0.055 -0.057  0.041 -0.   ]
 [-0.001 -0.    -0.    -0.004 -0.     0.006]] 
----------------------------------------------------------------------------------------
   Fe2   Fe1   (  0,   0,   1) -0.0683   ( 0.000, -2.167, -2.167)  3.065 
J_iso: -0.0683 
Orbital contributions:
 isotropic J:
 [[-0.033 -0.027 -0.048 -0.002  0.009 -0.001]
 [-0.023  0.04   0.055 -0.027 -0.233 -0.   ]
 [-0.05   0.053  0.751 -0.148  0.055 -0.   ]
 [-0.001 -0.022 -0.145 -0.028 -0.057 -0.004]
 [ 0.006 -0.232  0.056 -0.052  0.041 -0.   ]
 [-0.001 -0.    -0.003 -0.002 -0.     0.006]] 
----------------------------------------------------------------------------------------
   Fe1   Fe1   (  0,   1,  -1)  0.2539   (-2.167,  2.167,  0.000)  3.065 
J_iso:  0.2539 
Orbital contributions:
 isotropic J:
 [[-0.029 -0.037 -0.025 -0.    -0.368  0.022]
 [ 0.012  0.25   0.168  0.003  0.048  0.004]
 [-0.     0.165  0.253  0.002  0.045  0.003]
 [ 0.     0.002  0.002 -0.13  -0.     0.   ]
 [-0.449 -0.36  -0.362  0.     0.855  0.063]
 [ 0.026  0.004  0.005  0.     0.087 -0.006]] 
----------------------------------------------------------------------------------------
   Fe2   Fe1   (  0,   1,   0) -0.0767   (-2.167,  0.000, -2.167)  3.065 
J_iso: -0.0767 
Orbital contributions:
 isotropic J:
 [[-0.034 -0.048 -0.026 -0.002  0.009 -0.001]
 [-0.051  0.75   0.053 -0.153  0.055 -0.002]
 [-0.024  0.059  0.04  -0.029 -0.232 -0.001]
 [-0.002 -0.144 -0.022 -0.027 -0.055 -0.003]
 [ 0.005  0.054 -0.233 -0.053  0.04  -0.   ]
 [-0.    -0.001 -0.    -0.003 -0.     0.006]] 
----------------------------------------------------------------------------------------
   Fe1   Fe1   (  1,  -1,   0)  0.2397   ( 0.000, -2.167,  2.167)  3.065 
J_iso:  0.2397 
Orbital contributions:
 isotropic J:
 [[-0.096 -0.005 -0.092 -0.007 -0.009  0.005]
 [-0.001  0.255  0.043  0.007  0.167  0.003]
 [-0.115 -0.366  0.863 -0.343 -0.36   0.061]
 [-0.007 -0.02  -0.28  -0.046 -0.026  0.015]
 [ 0.009  0.169  0.047 -0.002  0.25   0.004]
 [ 0.007  0.006  0.088  0.019  0.004 -0.006]] 
----------------------------------------------------------------------------------------
   Fe1   Fe1   (  1,   0,  -1)  0.2436   (-2.167,  0.000,  2.167)  3.065 
J_iso:  0.2436 
Orbital contributions:
 isotropic J:
 [[-0.095 -0.093 -0.004 -0.008 -0.008  0.005]
 [-0.117  0.86  -0.366 -0.332 -0.36   0.063]
 [-0.003  0.046  0.254  0.005  0.168  0.003]
 [-0.007 -0.286 -0.02  -0.046 -0.028  0.016]
 [ 0.011  0.047  0.168 -0.002  0.253  0.004]
 [ 0.006  0.087  0.005  0.019  0.004 -0.006]] 
----------------------------------------------------------------------------------------
   Fe2   Fe1   (  1,   0,   0) -0.0707   (-2.167, -2.167,  0.000)  3.065 
J_iso: -0.0707 
Orbital contributions:
 isotropic J:
 [[-0.024 -0.052 -0.053  0.    -0.195 -0.003]
 [-0.054  0.042 -0.233  0.006  0.057 -0.   ]
 [-0.057 -0.233  0.041  0.006  0.055 -0.   ]
 [-0.     0.006  0.006 -0.036  0.     0.   ]
 [-0.206  0.057  0.052 -0.     0.75  -0.002]
 [-0.004 -0.001 -0.     0.    -0.001  0.006]] 
----------------------------------------------------------------------------------------
   Fe1   Fe2   ( -1,  -1,   0) -0.1227   ( 0.000, -2.167, -2.167)  3.065 
J_iso: -0.1227 
Orbital contributions:
 isotropic J:
 [[-0.041 -0.023 -0.048 -0.003  0.009 -0.001]
 [-0.026  0.038  0.043 -0.016 -0.241 -0.001]
 [-0.045  0.038  0.75  -0.136  0.036 -0.002]
 [-0.003 -0.021 -0.143 -0.032 -0.053 -0.002]
 [ 0.011 -0.241  0.042 -0.053  0.039 -0.001]
 [-0.001 -0.001 -0.    -0.003 -0.001  0.006]] 
----------------------------------------------------------------------------------------
   Fe1   Fe2   ( -1,   0,  -1) -0.1206   (-2.167,  0.000, -2.167)  3.065 
J_iso: -0.1206 
Orbital contributions:
 isotropic J:
 [[-0.041 -0.047 -0.025 -0.002  0.009 -0.   ]
 [-0.046  0.751  0.044 -0.137  0.037 -0.001]
 [-0.026  0.041  0.038 -0.015 -0.239 -0.001]
 [-0.003 -0.145 -0.022 -0.033 -0.051 -0.002]
 [ 0.011  0.04  -0.24  -0.053  0.038 -0.001]
 [-0.001 -0.002 -0.001 -0.002 -0.001  0.006]] 
----------------------------------------------------------------------------------------
   Fe2   Fe2   ( -1,   0,   1)  0.2311   ( 2.167,  0.000, -2.167)  3.065 
J_iso:  0.2311 
Orbital contributions:
 isotropic J:
 [[-0.103 -0.096 -0.003 -0.006 -0.013  0.005]
 [-0.112  0.858 -0.361 -0.335 -0.358  0.059]
 [-0.001  0.046  0.249  0.007  0.167  0.003]
 [-0.013 -0.277 -0.018 -0.048 -0.028  0.017]
 [ 0.009  0.043  0.173 -0.001  0.247  0.003]
 [ 0.008  0.086  0.004  0.021  0.005 -0.006]] 
----------------------------------------------------------------------------------------
   Fe2   Fe2   ( -1,   1,   0)  0.2520   ( 0.000,  2.167, -2.167)  3.065 
J_iso:  0.2520 
Orbital contributions:
 isotropic J:
 [[-0.099 -0.003 -0.093 -0.007 -0.009  0.005]
 [-0.001  0.252  0.045  0.007  0.168  0.004]
 [-0.109 -0.362  0.857 -0.335 -0.356  0.062]
 [-0.011 -0.021 -0.273 -0.043 -0.028  0.016]
 [ 0.009  0.174  0.044 -0.001  0.247  0.003]
 [ 0.007  0.003  0.085  0.019  0.004 -0.006]] 
----------------------------------------------------------------------------------------
   Fe1   Fe2   (  0,  -1,  -1) -0.1226   (-2.167, -2.167,  0.000)  3.065 
J_iso: -0.1226 
Orbital contributions:
 isotropic J:
 [[-0.029 -0.049 -0.054  0.    -0.19  -0.003]
 [-0.048  0.039 -0.241  0.006  0.044 -0.001]
 [-0.048 -0.24   0.039  0.006  0.042 -0.001]
 [ 0.     0.007  0.007 -0.051 -0.     0.   ]
 [-0.185  0.039  0.042 -0.     0.748 -0.001]
 [-0.003 -0.    -0.001  0.    -0.002  0.006]] 
----------------------------------------------------------------------------------------
   Fe2   Fe2   (  0,  -1,   1)  0.2477   ( 2.167, -2.167,  0.000)  3.065 
J_iso:  0.2477 
Orbital contributions:
 isotropic J:
 [[-0.027 -0.041 -0.021 -0.    -0.367  0.022]
 [ 0.006  0.245  0.174  0.003  0.045  0.003]
 [ 0.004  0.166  0.252  0.002  0.045  0.004]
 [-0.     0.002  0.002 -0.138  0.     0.   ]
 [-0.443 -0.36  -0.362  0.     0.848  0.062]
 [ 0.03   0.005  0.004  0.     0.089 -0.006]] 
----------------------------------------------------------------------------------------
   Fe2   Fe2   (  0,   1,  -1)  0.2477   (-2.167,  2.167,  0.000)  3.065 
J_iso:  0.2477 
Orbital contributions:
 isotropic J:
 [[-0.027  0.006  0.004 -0.    -0.443  0.03 ]
 [-0.041  0.245  0.166  0.002 -0.36   0.005]
 [-0.021  0.174  0.252  0.002 -0.362  0.004]
 [-0.     0.003  0.002 -0.138  0.     0.   ]
 [-0.367  0.045  0.045  0.     0.848  0.089]
 [ 0.022  0.003  0.004  0.     0.062 -0.006]] 
----------------------------------------------------------------------------------------
   Fe2   Fe1   (  0,   1,   1) -0.1226   ( 2.167,  2.167,  0.000)  3.065 
J_iso: -0.1226 
Orbital contributions:
 isotropic J:
 [[-0.029 -0.048 -0.048  0.    -0.185 -0.003]
 [-0.049  0.039 -0.24   0.007  0.039 -0.   ]
 [-0.054 -0.241  0.039  0.007  0.042 -0.001]
 [ 0.     0.006  0.006 -0.051 -0.     0.   ]
 [-0.19   0.044  0.042 -0.     0.748 -0.002]
 [-0.003 -0.001 -0.001  0.    -0.001  0.006]] 
----------------------------------------------------------------------------------------
   Fe2   Fe2   (  1,  -1,   0)  0.2520   ( 0.000, -2.167,  2.167)  3.065 
J_iso:  0.2520 
Orbital contributions:
 isotropic J:
 [[-0.099 -0.001 -0.109 -0.011  0.009  0.007]
 [-0.003  0.252 -0.362 -0.021  0.174  0.003]
 [-0.093  0.045  0.857 -0.273  0.044  0.085]
 [-0.007  0.007 -0.335 -0.043 -0.001  0.019]
 [-0.009  0.168 -0.356 -0.028  0.247  0.004]
 [ 0.005  0.004  0.062  0.016  0.003 -0.006]] 
----------------------------------------------------------------------------------------
   Fe2   Fe2   (  1,   0,  -1)  0.2311   (-2.167,  0.000,  2.167)  3.065 
J_iso:  0.2311 
Orbital contributions:
 isotropic J:
 [[-0.103 -0.112 -0.001 -0.013  0.009  0.008]
 [-0.096  0.858  0.046 -0.277  0.043  0.086]
 [-0.003 -0.361  0.249 -0.018  0.173  0.004]
 [-0.006 -0.335  0.007 -0.048 -0.001  0.021]
 [-0.013 -0.358  0.167 -0.028  0.247  0.005]
 [ 0.005  0.059  0.003  0.017  0.003 -0.006]] 
----------------------------------------------------------------------------------------
   Fe2   Fe1   (  1,   0,   1) -0.1206   ( 2.167,  0.000,  2.167)  3.065 
J_iso: -0.1206 
Orbital contributions:
 isotropic J:
 [[-0.041 -0.046 -0.026 -0.003  0.011 -0.001]
 [-0.047  0.751  0.041 -0.145  0.04  -0.002]
 [-0.025  0.044  0.038 -0.022 -0.24  -0.001]
 [-0.002 -0.137 -0.015 -0.033 -0.053 -0.002]
 [ 0.009  0.037 -0.239 -0.051  0.038 -0.001]
 [-0.    -0.001 -0.001 -0.002 -0.001  0.006]] 
----------------------------------------------------------------------------------------
   Fe2   Fe1   (  1,   1,   0) -0.1227   ( 0.000,  2.167,  2.167)  3.065 
J_iso: -0.1227 
Orbital contributions:
 isotropic J:
 [[-0.041 -0.026 -0.045 -0.003  0.011 -0.001]
 [-0.023  0.038  0.038 -0.021 -0.241 -0.001]
 [-0.048  0.043  0.75  -0.143  0.042 -0.   ]
 [-0.003 -0.016 -0.136 -0.032 -0.053 -0.003]
 [ 0.009 -0.241  0.036 -0.053  0.039 -0.001]
 [-0.001 -0.001 -0.002 -0.002 -0.001  0.006]] 
----------------------------------------------------------------------------------------
   Fe1   Fe2   ( -2,   0,   0) -10.0160   ( 0.000,  0.000, -4.334)  4.334 
J_iso: -10.0160 
Orbital contributions:
 isotropic J:
 [[-10.603   0.015   0.016  -0.      0.102   0.257]
 [  0.016   0.028  -0.158   0.001   0.016  -0.   ]
 [  0.017  -0.16    0.03    0.001   0.015  -0.   ]
 [ -0.      0.001   0.001   0.     -0.      0.   ]
 [  0.097   0.012   0.015  -0.     -0.007   0.003]
 [  0.268  -0.     -0.001  -0.      0.003  -0.   ]] 
----------------------------------------------------------------------------------------
   Fe1   Fe2   ( -1,  -1,   1) -10.2391   ( 4.334, -0.000, -0.000)  4.334 
J_iso: -10.2391 
Orbital contributions:
 isotropic J:
 [[-0.719  0.006  0.026 -1.981  0.004  0.063]
 [ 0.006  0.027  0.011  0.011 -0.142 -0.   ]
 [ 0.026  0.011 -0.008  0.077  0.011  0.002]
 [-1.982  0.011  0.077 -6.137  0.014  0.189]
 [ 0.003 -0.142  0.011  0.013  0.027 -0.001]
 [ 0.062 -0.001  0.001  0.184 -0.001 -0.   ]] 
----------------------------------------------------------------------------------------
   Fe1   Fe2   ( -1,   1,  -1) -10.2263   ( 0.000,  4.334,  0.000)  4.334 
J_iso: -10.2263 
Orbital contributions:
 isotropic J:
 [[-0.726  0.026  0.006 -1.986  0.004  0.064]
 [ 0.026 -0.007  0.011  0.078  0.012  0.001]
 [ 0.006  0.011  0.027  0.011 -0.142 -0.   ]
 [-1.989  0.076  0.011 -6.107  0.014  0.192]
 [ 0.004  0.011 -0.14   0.013  0.028 -0.   ]
 [ 0.059  0.001 -0.001  0.181 -0.    -0.   ]] 
----------------------------------------------------------------------------------------
   Fe2   Fe1   ( -1,   1,   1) -10.1793   ( 0.000,  0.000, -4.334)  4.334 
J_iso: -10.1793 
Orbital contributions:
 isotropic J:
 [[-10.725  -0.02   -0.019  -0.      0.144   0.252]
 [ -0.018  -0.036  -0.061   0.001   0.012  -0.005]
 [ -0.019  -0.06   -0.036   0.001   0.012  -0.006]
 [ -0.      0.001   0.001  -0.001   0.      0.   ]
 [  0.142   0.011   0.01    0.     -0.023   0.001]
 [  0.268  -0.006  -0.005  -0.      0.001  -0.   ]] 
----------------------------------------------------------------------------------------
   Fe1   Fe2   (  0,  -2,   0) -10.0346   ( 0.000, -4.334,  0.000)  4.334 
J_iso: -10.0346 
Orbital contributions:
 isotropic J:
 [[-0.694  0.025  0.006 -1.962  0.003  0.065]
 [ 0.025 -0.006  0.015  0.074  0.014  0.003]
 [ 0.007  0.015  0.029  0.011 -0.16  -0.   ]
 [-1.973  0.077  0.01  -5.994  0.014  0.195]
 [ 0.003  0.016 -0.159  0.014  0.029 -0.   ]
 [ 0.066  0.003 -0.001  0.195  0.    -0.   ]] 
----------------------------------------------------------------------------------------
   Fe1   Fe2   (  0,   0,  -2) -10.0396   (-4.334,  0.000,  0.000)  4.334 
J_iso: -10.0396 
Orbital contributions:
 isotropic J:
 [[-0.689  0.006  0.026 -1.964  0.004  0.065]
 [ 0.007  0.029  0.015  0.011 -0.159 -0.   ]
 [ 0.025  0.012 -0.006  0.075  0.013  0.002]
 [-1.966  0.011  0.077 -6.014  0.014  0.195]
 [ 0.003 -0.16   0.016  0.014  0.03  -0.   ]
 [ 0.067 -0.     0.003  0.198 -0.    -0.   ]] 
----------------------------------------------------------------------------------------
   Fe2   Fe1   (  0,   0,   2) -10.0396   ( 4.334,  0.000,  0.000)  4.334 
J_iso: -10.0396 
Orbital contributions:
 isotropic J:
 [[-0.689  0.007  0.025 -1.966  0.003  0.067]
 [ 0.006  0.029  0.012  0.011 -0.16  -0.   ]
 [ 0.026  0.015 -0.006  0.077  0.016  0.003]
 [-1.964  0.011  0.075 -6.014  0.014  0.198]
 [ 0.004 -0.159  0.013  0.014  0.03  -0.   ]
 [ 0.065 -0.     0.002  0.195 -0.    -0.   ]] 
----------------------------------------------------------------------------------------
   Fe2   Fe1   (  0,   2,   0) -10.0346   ( 0.000,  4.334,  0.000)  4.334 
J_iso: -10.0346 
Orbital contributions:
 isotropic J:
 [[-0.694  0.025  0.007 -1.973  0.003  0.066]
 [ 0.025 -0.006  0.015  0.077  0.016  0.003]
 [ 0.006  0.015  0.029  0.01  -0.159 -0.001]
 [-1.962  0.074  0.011 -5.994  0.014  0.195]
 [ 0.003  0.014 -0.16   0.014  0.029  0.   ]
 [ 0.065  0.003 -0.     0.195 -0.    -0.   ]] 
----------------------------------------------------------------------------------------
   Fe1   Fe2   (  1,  -1,  -1) -10.1793   ( 0.000,  0.000,  4.334)  4.334 
J_iso: -10.1793 
Orbital contributions:
 isotropic J:
 [[-10.725  -0.018  -0.019  -0.      0.142   0.268]
 [ -0.02   -0.036  -0.06    0.001   0.011  -0.006]
 [ -0.019  -0.061  -0.036   0.001   0.01   -0.005]
 [ -0.      0.001   0.001  -0.001   0.     -0.   ]
 [  0.144   0.012   0.012   0.     -0.023   0.001]
 [  0.252  -0.005  -0.006   0.      0.001  -0.   ]] 
----------------------------------------------------------------------------------------
   Fe2   Fe1   (  1,  -1,   1) -10.2263   ( 0.000, -4.334,  0.000)  4.334 
J_iso: -10.2263 
Orbital contributions:
 isotropic J:
 [[-0.726  0.026  0.006 -1.989  0.004  0.059]
 [ 0.026 -0.007  0.011  0.076  0.011  0.001]
 [ 0.006  0.011  0.027  0.011 -0.14  -0.001]
 [-1.986  0.078  0.011 -6.107  0.013  0.181]
 [ 0.004  0.012 -0.142  0.014  0.028 -0.   ]
 [ 0.064  0.001 -0.     0.192 -0.    -0.   ]] 
----------------------------------------------------------------------------------------
   Fe2   Fe1   (  1,   1,  -1) -10.2391   (-4.334,  0.000,  0.000)  4.334 
J_iso: -10.2391 
Orbital contributions:
 isotropic J:
 [[-0.719  0.006  0.026 -1.982  0.003  0.062]
 [ 0.006  0.027  0.011  0.011 -0.142 -0.001]
 [ 0.026  0.011 -0.008  0.077  0.011  0.001]
 [-1.981  0.011  0.077 -6.137  0.013  0.184]
 [ 0.004 -0.142  0.011  0.014  0.027 -0.001]
 [ 0.063 -0.     0.002  0.189 -0.001 -0.   ]] 
----------------------------------------------------------------------------------------
   Fe2   Fe1   (  2,   0,   0) -10.0160   ( 0.000,  0.000,  4.334)  4.334 
J_iso: -10.0160 
Orbital contributions:
 isotropic J:
 [[-10.603   0.016   0.017  -0.      0.097   0.268]
 [  0.015   0.028  -0.16    0.001   0.012  -0.   ]
 [  0.016  -0.158   0.03    0.001   0.015  -0.001]
 [ -0.      0.001   0.001   0.     -0.     -0.   ]
 [  0.102   0.016   0.015  -0.     -0.007   0.003]
 [  0.257  -0.     -0.      0.      0.003  -0.   ]] 
----------------------------------------------------------------------------------------
   Fe1   Fe2   ( -2,  -1,   1) -0.0420   ( 2.167, -2.167, -4.334)  5.308 
J_iso: -0.0420 
Orbital contributions:
 isotropic J:
 [[-0.022  0.001 -0.     0.    -0.003  0.003]
 [ 0.001 -0.008 -0.001  0.    -0.001  0.001]
 [-0.001 -0.001 -0.007  0.001 -0.001  0.001]
 [ 0.     0.     0.    -0.001 -0.001  0.001]
 [-0.005 -0.001 -0.001  0.001 -0.    -0.001]
 [ 0.003  0.001  0.001  0.001 -0.001 -0.   ]] 
----------------------------------------------------------------------------------------
   Fe1   Fe2   ( -1,  -2,   1) -0.0418   ( 2.167, -4.334, -2.167)  5.308 
J_iso: -0.0418 
Orbital contributions:
 isotropic J:
 [[-0.    -0.008 -0.002 -0.007  0.001  0.   ]
 [-0.006 -0.    -0.001  0.003 -0.001 -0.001]
 [-0.002 -0.001 -0.008  0.001 -0.001  0.001]
 [-0.006  0.005  0.002 -0.011  0.     0.003]
 [ 0.001 -0.001 -0.001  0.    -0.009  0.001]
 [ 0.    -0.001  0.001  0.003  0.001 -0.   ]] 
----------------------------------------------------------------------------------------
   Fe1   Fe1   (  0,  -1,   0) -0.0159   (-2.167, -4.334, -2.167)  5.308 
J_iso: -0.0159 
Orbital contributions:
 isotropic J:
 [[-0.001 -0.001 -0.001 -0.001  0.001 -0.   ]
 [-0.001 -0.002 -0.    -0.004 -0.    -0.001]
 [ 0.001  0.001 -0.002  0.     0.001 -0.   ]
 [-0.    -0.004  0.002 -0.004 -0.    -0.001]
 [ 0.001  0.001  0.002  0.    -0.002  0.   ]
 [ 0.    -0.001  0.    -0.     0.    -0.   ]] 
----------------------------------------------------------------------------------------
   Fe2   Fe2   (  0,  -1,   0) -0.0185   (-2.167, -4.334, -2.167)  5.308 
J_iso: -0.0185 
Orbital contributions:
 isotropic J:
 [[-0.002 -0.001  0.001 -0.001  0.     0.   ]
 [-0.001 -0.003  0.001 -0.005  0.001 -0.001]
 [ 0.    -0.    -0.002  0.002  0.002  0.   ]
 [-0.001 -0.003 -0.001 -0.005  0.    -0.   ]
 [ 0.002 -0.     0.002  0.    -0.002  0.   ]
 [-0.    -0.001  0.    -0.001  0.     0.   ]] 
----------------------------------------------------------------------------------------
   Fe1   Fe1   (  0,   0,  -1) -0.0162   (-4.334, -2.167, -2.167)  5.308 
J_iso: -0.0162 
Orbital contributions:
 isotropic J:
 [[-0.001 -0.001 -0.001 -0.001  0.001 -0.   ]
 [ 0.001 -0.002  0.001  0.     0.002  0.   ]
 [-0.001 -0.    -0.003 -0.003 -0.    -0.001]
 [-0.     0.001 -0.003 -0.004 -0.    -0.001]
 [ 0.001  0.002  0.001 -0.    -0.002  0.   ]
 [-0.     0.    -0.001 -0.     0.    -0.   ]] 
----------------------------------------------------------------------------------------
   Fe2   Fe2   (  0,   0,  -1) -0.0163   (-4.334, -2.167, -2.167)  5.308 
J_iso: -0.0163 
Orbital contributions:
 isotropic J:
 [[-0.002  0.001 -0.001 -0.001  0.     0.   ]
 [-0.    -0.002 -0.     0.002  0.002  0.   ]
 [-0.002  0.001 -0.003 -0.005  0.001 -0.001]
 [-0.001 -0.001 -0.003 -0.005  0.001  0.001]
 [ 0.002  0.002 -0.    -0.    -0.002  0.   ]
 [-0.    -0.    -0.001 -0.001  0.     0.   ]] 
----------------------------------------------------------------------------------------
   Fe1   Fe1   (  0,   0,   1) -0.0162   ( 4.334,  2.167,  2.167)  5.308 
J_iso: -0.0162 
Orbital contributions:
 isotropic J:
 [[-0.001  0.001 -0.001 -0.     0.001 -0.   ]
 [-0.001 -0.002 -0.     0.001  0.002  0.   ]
 [-0.001  0.001 -0.003 -0.003  0.001 -0.001]
 [-0.001  0.    -0.003 -0.004 -0.    -0.   ]
 [ 0.001  0.002 -0.    -0.    -0.002  0.   ]
 [-0.     0.    -0.001 -0.001  0.    -0.   ]] 
----------------------------------------------------------------------------------------
   Fe1   Fe1   (  0,   1,   0) -0.0159   ( 2.167,  4.334,  2.167)  5.308 
J_iso: -0.0159 
Orbital contributions:
 isotropic J:
 [[-0.001 -0.001  0.001 -0.     0.001  0.   ]
 [-0.001 -0.002  0.001 -0.004  0.001 -0.001]
 [-0.001 -0.    -0.002  0.002  0.002  0.   ]
 [-0.001 -0.004  0.    -0.004  0.    -0.   ]
 [ 0.001 -0.     0.001 -0.    -0.002  0.   ]
 [-0.    -0.001 -0.    -0.001  0.    -0.   ]] 
----------------------------------------------------------------------------------------
   Fe2   Fe1   (  1,   2,  -1) -0.0418   (-2.167,  4.334,  2.167)  5.308 
J_iso: -0.0418 
Orbital contributions:
 isotropic J:
 [[-0.    -0.006 -0.002 -0.006  0.001  0.   ]
 [-0.008 -0.    -0.001  0.005 -0.001 -0.001]
 [-0.002 -0.001 -0.008  0.002 -0.001  0.001]
 [-0.007  0.003  0.001 -0.011  0.     0.003]
 [ 0.001 -0.001 -0.001  0.    -0.009  0.001]
 [ 0.    -0.001  0.001  0.003  0.001 -0.   ]] 
----------------------------------------------------------------------------------------
   Fe2   Fe1   (  2,   1,  -1) -0.0420   (-2.167,  2.167,  4.334)  5.308 
J_iso: -0.0420 
Orbital contributions:
 isotropic J:
 [[-0.022  0.001 -0.001  0.    -0.005  0.003]
 [ 0.001 -0.008 -0.001  0.    -0.001  0.001]
 [-0.    -0.001 -0.007  0.    -0.001  0.001]
 [ 0.     0.     0.001 -0.001  0.001  0.001]
 [-0.003 -0.001 -0.001 -0.001 -0.    -0.001]
 [ 0.003  0.001  0.001  0.001 -0.001 -0.   ]] 
----------------------------------------------------------------------------------------
   Fe1   Fe2   ( -2,   0,   1) -0.0375   ( 4.334,  2.167, -2.167)  5.308 
J_iso: -0.0375 
Orbital contributions:
 isotropic J:
 [[-0.001  0.     0.006 -0.004  0.002  0.002]
 [ 0.    -0.01  -0.001  0.001 -0.     0.001]
 [ 0.006 -0.    -0.    -0.009  0.    -0.001]
 [-0.003  0.001 -0.009 -0.014 -0.002  0.001]
 [ 0.002 -0.     0.    -0.003 -0.009  0.001]
 [ 0.002  0.001 -0.001  0.001  0.001 -0.   ]] 
----------------------------------------------------------------------------------------
   Fe1   Fe2   ( -2,   1,  -1) -0.0442   (-2.167,  2.167, -4.334)  5.308 
J_iso: -0.0442 
Orbital contributions:
 isotropic J:
 [[-0.024  0.     0.     0.    -0.004  0.003]
 [-0.001 -0.008 -0.002  0.    -0.001  0.001]
 [ 0.    -0.001 -0.009  0.    -0.001  0.001]
 [-0.     0.     0.    -0.     0.     0.001]
 [-0.004 -0.001 -0.001  0.001 -0.    -0.001]
 [ 0.003  0.001  0.001  0.001 -0.001 -0.   ]] 
----------------------------------------------------------------------------------------
   Fe1   Fe2   ( -2,   1,   0) -0.0352   ( 2.167,  4.334, -2.167)  5.308 
J_iso: -0.0352 
Orbital contributions:
 isotropic J:
 [[-0.001  0.006  0.    -0.003  0.003  0.002]
 [ 0.006 -0.    -0.    -0.01   0.    -0.001]
 [ 0.    -0.    -0.009  0.001 -0.001  0.001]
 [-0.002 -0.009  0.001 -0.012 -0.002  0.001]
 [ 0.002  0.001 -0.    -0.002 -0.009  0.001]
 [ 0.002 -0.001  0.001  0.001  0.001 -0.   ]] 
----------------------------------------------------------------------------------------
   Fe1   Fe1   ( -2,   1,   1)  0.0297   ( 2.167,  2.167, -4.334)  5.308 
J_iso:  0.0297 
Orbital contributions:
 isotropic J:
 [[-0.022  0.008  0.008  0.     0.006 -0.001]
 [ 0.008 -0.     0.007  0.     0.    -0.001]
 [ 0.009  0.007 -0.     0.001  0.001 -0.001]
 [ 0.     0.001  0.001 -0.003 -0.     0.   ]
 [ 0.003  0.003  0.003  0.    -0.003 -0.001]
 [ 0.    -0.001 -0.001  0.    -0.002 -0.001]] 
----------------------------------------------------------------------------------------
   Fe2   Fe2   ( -2,   1,   1)  0.0295   ( 2.167,  2.167, -4.334)  5.308 
J_iso:  0.0295 
Orbital contributions:
 isotropic J:
 [[-0.021  0.009  0.008 -0.     0.004  0.   ]
 [ 0.009 -0.     0.006  0.001  0.003 -0.001]
 [ 0.008  0.006 -0.     0.001  0.003 -0.001]
 [-0.     0.     0.    -0.004 -0.     0.   ]
 [ 0.006  0.     0.    -0.    -0.003 -0.002]
 [-0.001 -0.001 -0.001  0.    -0.001 -0.001]] 
----------------------------------------------------------------------------------------
   Fe1   Fe1   ( -1,  -1,   2)  0.0274   ( 4.334, -2.167, -2.167)  5.308 
J_iso:  0.0274 
Orbital contributions:
 isotropic J:
 [[-0.     0.     0.001 -0.007  0.005 -0.   ]
 [ 0.    -0.     0.     0.009  0.007 -0.001]
 [ 0.001  0.004 -0.004  0.003  0.004 -0.001]
 [-0.008  0.008  0.003 -0.009  0.004 -0.001]
 [ 0.005  0.007  0.     0.004 -0.    -0.   ]
 [-0.    -0.001 -0.002 -0.    -0.001 -0.001]] 
----------------------------------------------------------------------------------------
   Fe2   Fe2   ( -1,  -1,   2)  0.0299   ( 4.334, -2.167, -2.167)  5.308 
J_iso:  0.0299 
Orbital contributions:
 isotropic J:
 [[-0.    -0.     0.001 -0.008  0.005 -0.   ]
 [-0.    -0.     0.003  0.009  0.006 -0.001]
 [ 0.002  0.    -0.003  0.004  0.    -0.002]
 [-0.008  0.009  0.004 -0.009  0.004 -0.   ]
 [ 0.005  0.006  0.003  0.004 -0.    -0.001]
 [-0.    -0.001 -0.001 -0.001 -0.001 -0.001]] 
----------------------------------------------------------------------------------------
   Fe1   Fe1   ( -1,   0,   0) -0.0138   (-2.167, -2.167, -4.334)  5.308 
J_iso: -0.0138 
Orbital contributions:
 isotropic J:
 [[-0.006  0.001  0.001 -0.    -0.005 -0.002]
 [ 0.    -0.002  0.001  0.001  0.001  0.   ]
 [ 0.     0.001 -0.002  0.001  0.001  0.   ]
 [-0.     0.001  0.     0.    -0.     0.   ]
 [-0.005 -0.    -0.    -0.    -0.002 -0.001]
 [ 0.     0.     0.     0.    -0.001 -0.   ]] 
----------------------------------------------------------------------------------------
   Fe2   Fe2   ( -1,   0,   0) -0.0159   (-2.167, -2.167, -4.334)  5.308 
J_iso: -0.0159 
Orbital contributions:
 isotropic J:
 [[-0.006 -0.001 -0.001 -0.    -0.005  0.   ]
 [ 0.001 -0.002  0.002  0.001 -0.     0.   ]
 [ 0.001  0.002 -0.002  0.001 -0.     0.   ]
 [ 0.     0.001  0.001 -0.001  0.     0.   ]
 [-0.006  0.     0.001  0.    -0.002 -0.001]
 [-0.001  0.    -0.     0.    -0.001  0.   ]] 
----------------------------------------------------------------------------------------
   Fe2   Fe1   ( -1,   0,   2) -0.0364   ( 2.167, -2.167, -4.334)  5.308 
J_iso: -0.0364 
Orbital contributions:
 isotropic J:
 [[-0.019  0.     0.     0.    -0.006  0.003]
 [ 0.     0.001  0.005 -0.001  0.    -0.002]
 [ 0.001  0.004 -0.02  -0.001 -0.005  0.003]
 [-0.    -0.001 -0.001  0.     0.002  0.001]
 [-0.004  0.001 -0.005  0.002 -0.    -0.   ]
 [ 0.002 -0.002  0.003  0.001 -0.    -0.   ]] 
----------------------------------------------------------------------------------------
   Fe1   Fe2   ( -1,   1,  -2) -0.0404   (-4.334,  2.167, -2.167)  5.308 
J_iso: -0.0404 
Orbital contributions:
 isotropic J:
 [[-0.    -0.002 -0.007 -0.006  0.001  0.   ]
 [-0.002 -0.008 -0.001  0.001 -0.001  0.001]
 [-0.006 -0.001 -0.     0.003 -0.001 -0.001]
 [-0.005  0.002  0.005 -0.01   0.     0.003]
 [ 0.001 -0.001 -0.001  0.    -0.008  0.001]
 [ 0.     0.001 -0.001  0.004  0.001 -0.   ]] 
----------------------------------------------------------------------------------------
   Fe2   Fe1   ( -1,   1,   2) -0.0426   ( 4.334,  2.167, -2.167)  5.308 
J_iso: -0.0426 
Orbital contributions:
 isotropic J:
 [[-0.001 -0.001  0.006 -0.006  0.002  0.005]
 [-0.002  0.001  0.     0.001  0.003 -0.002]
 [ 0.007  0.     0.    -0.009 -0.007 -0.   ]
 [-0.005  0.001 -0.011 -0.013 -0.002  0.001]
 [ 0.001  0.003 -0.006 -0.001 -0.018  0.004]
 [ 0.003 -0.002 -0.001  0.001  0.004 -0.   ]] 
----------------------------------------------------------------------------------------
   Fe1   Fe1   ( -1,   2,  -1)  0.0285   (-2.167,  4.334, -2.167)  5.308 
J_iso:  0.0285 
Orbital contributions:
 isotropic J:
 [[-0.     0.001  0.    -0.008  0.005 -0.   ]
 [ 0.001 -0.004  0.003  0.002  0.004 -0.001]
 [ 0.     0.    -0.     0.01   0.007 -0.001]
 [-0.008  0.003  0.009 -0.01   0.004 -0.001]
 [ 0.005  0.     0.007  0.004 -0.    -0.   ]
 [-0.    -0.002 -0.001 -0.    -0.001 -0.001]] 
----------------------------------------------------------------------------------------
   Fe2   Fe1   ( -1,   2,   0) -0.0372   (-2.167,  2.167, -4.334)  5.308 
J_iso: -0.0372 
Orbital contributions:
 isotropic J:
 [[-0.02   0.     0.001  0.    -0.006  0.002]
 [ 0.001 -0.02   0.004 -0.001 -0.005  0.004]
 [ 0.001  0.005  0.001 -0.001  0.    -0.002]
 [-0.    -0.001 -0.001  0.     0.002  0.001]
 [-0.004 -0.005  0.001  0.002 -0.    -0.   ]
 [ 0.002  0.003 -0.002  0.001 -0.    -0.   ]] 
----------------------------------------------------------------------------------------
   Fe2   Fe1   ( -1,   2,   1) -0.0413   ( 2.167,  4.334, -2.167)  5.308 
J_iso: -0.0413 
Orbital contributions:
 isotropic J:
 [[-0.     0.006 -0.001 -0.006  0.002  0.004]
 [ 0.007  0.     0.    -0.01  -0.007 -0.   ]
 [-0.001  0.     0.001  0.001  0.004 -0.002]
 [-0.005 -0.011  0.001 -0.012 -0.002  0.001]
 [ 0.002 -0.006  0.003 -0.002 -0.018  0.004]
 [ 0.004 -0.    -0.002  0.001  0.004 -0.   ]] 
----------------------------------------------------------------------------------------
   Fe1   Fe2   (  0,  -2,   1) -0.0373   ( 4.334, -2.167,  2.167)  5.308 
J_iso: -0.0373 
Orbital contributions:
 isotropic J:
 [[-0.001 -0.002 -0.008 -0.005  0.001  0.   ]
 [-0.002 -0.01   0.001  0.002 -0.     0.001]
 [-0.007  0.    -0.     0.004 -0.    -0.001]
 [-0.006  0.002  0.005 -0.009  0.     0.003]
 [ 0.001 -0.001 -0.001  0.    -0.009  0.001]
 [ 0.     0.001 -0.001  0.002  0.001 -0.   ]] 
----------------------------------------------------------------------------------------
   Fe2   Fe1   (  0,  -1,   2) -0.0385   ( 2.167, -4.334, -2.167)  5.308 
J_iso: -0.0385 
Orbital contributions:
 isotropic J:
 [[-0.002 -0.006 -0.003 -0.006  0.001 -0.   ]
 [-0.006 -0.    -0.006  0.005  0.    -0.   ]
 [-0.002 -0.006 -0.02   0.003  0.003  0.004]
 [-0.005  0.003  0.003 -0.008 -0.002  0.003]
 [ 0.     0.     0.004 -0.001  0.001 -0.001]
 [-0.    -0.     0.004  0.004 -0.002 -0.   ]] 
----------------------------------------------------------------------------------------
   Fe2   Fe2   (  0,   0,   1) -0.0163   ( 4.334,  2.167,  2.167)  5.308 
J_iso: -0.0163 
Orbital contributions:
 isotropic J:
 [[-0.002 -0.    -0.002 -0.001  0.002 -0.   ]
 [ 0.001 -0.002  0.001 -0.001  0.002 -0.   ]
 [-0.001 -0.    -0.003 -0.003 -0.    -0.001]
 [-0.001  0.002 -0.005 -0.005 -0.    -0.001]
 [ 0.     0.002  0.001  0.001 -0.002  0.   ]
 [ 0.     0.    -0.001  0.001  0.     0.   ]] 
----------------------------------------------------------------------------------------
   Fe1   Fe2   (  0,   1,  -2) -0.0385   (-2.167,  4.334,  2.167)  5.308 
J_iso: -0.0385 
Orbital contributions:
 isotropic J:
 [[-0.002 -0.006 -0.002 -0.005  0.    -0.   ]
 [-0.006 -0.    -0.006  0.003  0.    -0.   ]
 [-0.003 -0.006 -0.02   0.003  0.004  0.004]
 [-0.006  0.005  0.003 -0.008 -0.001  0.004]
 [ 0.001  0.     0.003 -0.002  0.001 -0.002]
 [-0.    -0.     0.004  0.003 -0.001 -0.   ]] 
----------------------------------------------------------------------------------------
   Fe2   Fe2   (  0,   1,   0) -0.0185   ( 2.167,  4.334,  2.167)  5.308 
J_iso: -0.0185 
Orbital contributions:
 isotropic J:
 [[-0.002 -0.001  0.    -0.001  0.002 -0.   ]
 [-0.001 -0.003 -0.    -0.003 -0.    -0.001]
 [ 0.001  0.001 -0.002 -0.001  0.002  0.   ]
 [-0.001 -0.005  0.002 -0.005  0.    -0.001]
 [ 0.     0.001  0.002  0.    -0.002  0.   ]
 [ 0.    -0.001  0.    -0.     0.     0.   ]] 
----------------------------------------------------------------------------------------
   Fe2   Fe1   (  0,   2,  -1) -0.0373   (-4.334,  2.167, -2.167)  5.308 
J_iso: -0.0373 
Orbital contributions:
 isotropic J:
 [[-0.001 -0.002 -0.007 -0.006  0.001  0.   ]
 [-0.002 -0.01   0.     0.002 -0.001  0.001]
 [-0.008  0.001 -0.     0.005 -0.001 -0.001]
 [-0.005  0.002  0.004 -0.009  0.     0.002]
 [ 0.001 -0.    -0.     0.    -0.009  0.001]
 [ 0.     0.001 -0.001  0.003  0.001 -0.   ]] 
----------------------------------------------------------------------------------------
   Fe1   Fe2   (  1,  -2,  -1) -0.0413   (-2.167, -4.334,  2.167)  5.308 
J_iso: -0.0413 
Orbital contributions:
 isotropic J:
 [[-0.     0.007 -0.001 -0.005  0.002  0.004]
 [ 0.006  0.     0.    -0.011 -0.006 -0.   ]
 [-0.001  0.     0.001  0.001  0.003 -0.002]
 [-0.006 -0.01   0.001 -0.012 -0.002  0.001]
 [ 0.002 -0.007  0.004 -0.002 -0.018  0.004]
 [ 0.004 -0.    -0.002  0.001  0.004 -0.   ]] 
----------------------------------------------------------------------------------------
   Fe1   Fe2   (  1,  -2,   0) -0.0372   ( 2.167, -2.167,  4.334)  5.308 
J_iso: -0.0372 
Orbital contributions:
 isotropic J:
 [[-0.02   0.001  0.001 -0.    -0.004  0.002]
 [ 0.    -0.02   0.005 -0.001 -0.005  0.003]
 [ 0.001  0.004  0.001 -0.001  0.001 -0.002]
 [ 0.    -0.001 -0.001  0.     0.002  0.001]
 [-0.006 -0.005  0.     0.002 -0.    -0.   ]
 [ 0.002  0.004 -0.002  0.001 -0.    -0.   ]] 
----------------------------------------------------------------------------------------
   Fe1   Fe1   (  1,  -2,   1)  0.0285   ( 2.167, -4.334,  2.167)  5.308 
J_iso:  0.0285 
Orbital contributions:
 isotropic J:
 [[-0.     0.001  0.    -0.008  0.005 -0.   ]
 [ 0.001 -0.004  0.     0.003  0.    -0.002]
 [ 0.     0.003 -0.     0.009  0.007 -0.001]
 [-0.008  0.002  0.01  -0.01   0.004 -0.   ]
 [ 0.005  0.004  0.007  0.004 -0.    -0.001]
 [-0.    -0.001 -0.001 -0.001 -0.    -0.001]] 
----------------------------------------------------------------------------------------
   Fe1   Fe2   (  1,  -1,  -2) -0.0426   (-4.334, -2.167,  2.167)  5.308 
J_iso: -0.0426 
Orbital contributions:
 isotropic J:
 [[-0.001 -0.002  0.007 -0.005  0.001  0.003]
 [-0.001  0.001  0.     0.001  0.003 -0.002]
 [ 0.006  0.     0.    -0.011 -0.006 -0.001]
 [-0.006  0.001 -0.009 -0.013 -0.001  0.001]
 [ 0.002  0.003 -0.007 -0.002 -0.018  0.004]
 [ 0.005 -0.002 -0.     0.001  0.004 -0.   ]] 
----------------------------------------------------------------------------------------
   Fe2   Fe1   (  1,  -1,   2) -0.0404   ( 4.334, -2.167,  2.167)  5.308 
J_iso: -0.0404 
Orbital contributions:
 isotropic J:
 [[-0.    -0.002 -0.006 -0.005  0.001  0.   ]
 [-0.002 -0.008 -0.001  0.002 -0.001  0.001]
 [-0.007 -0.001 -0.     0.005 -0.001 -0.001]
 [-0.006  0.001  0.003 -0.01   0.     0.004]
 [ 0.001 -0.001 -0.001  0.    -0.008  0.001]
 [ 0.     0.001 -0.001  0.003  0.001 -0.   ]] 
----------------------------------------------------------------------------------------
   Fe1   Fe2   (  1,   0,  -2) -0.0364   (-2.167,  2.167,  4.334)  5.308 
J_iso: -0.0364 
Orbital contributions:
 isotropic J:
 [[-0.019  0.     0.001 -0.    -0.004  0.002]
 [ 0.     0.001  0.004 -0.001  0.001 -0.002]
 [ 0.     0.005 -0.02  -0.001 -0.005  0.003]
 [ 0.    -0.001 -0.001  0.     0.002  0.001]
 [-0.006  0.    -0.005  0.002 -0.    -0.   ]
 [ 0.003 -0.002  0.003  0.001 -0.    -0.   ]] 
----------------------------------------------------------------------------------------
   Fe1   Fe1   (  1,   0,   0) -0.0138   ( 2.167,  2.167,  4.334)  5.308 
J_iso: -0.0138 
Orbital contributions:
 isotropic J:
 [[-0.006  0.     0.    -0.    -0.005  0.   ]
 [ 0.001 -0.002  0.001  0.001 -0.     0.   ]
 [ 0.001  0.001 -0.002  0.    -0.     0.   ]
 [-0.     0.001  0.001  0.    -0.     0.   ]
 [-0.005  0.001  0.001 -0.    -0.002 -0.001]
 [-0.002  0.     0.     0.    -0.001 -0.   ]] 
----------------------------------------------------------------------------------------
   Fe2   Fe2   (  1,   0,   0) -0.0159   ( 2.167,  2.167,  4.334)  5.308 
J_iso: -0.0159 
Orbital contributions:
 isotropic J:
 [[-0.006  0.001  0.001  0.    -0.006 -0.001]
 [-0.001 -0.002  0.002  0.001  0.     0.   ]
 [-0.001  0.002 -0.002  0.001  0.001 -0.   ]
 [-0.     0.001  0.001 -0.001  0.     0.   ]
 [-0.005 -0.    -0.     0.    -0.002 -0.001]
 [ 0.     0.     0.     0.    -0.001  0.   ]] 
----------------------------------------------------------------------------------------
   Fe1   Fe1   (  1,   1,  -2)  0.0274   (-4.334,  2.167,  2.167)  5.308 
J_iso:  0.0274 
Orbital contributions:
 isotropic J:
 [[-0.     0.     0.001 -0.008  0.005 -0.   ]
 [ 0.    -0.     0.004  0.008  0.007 -0.001]
 [ 0.001  0.    -0.004  0.003  0.    -0.002]
 [-0.007  0.009  0.003 -0.009  0.004 -0.   ]
 [ 0.005  0.007  0.004  0.004 -0.    -0.001]
 [-0.    -0.001 -0.001 -0.001 -0.    -0.001]] 
----------------------------------------------------------------------------------------
   Fe2   Fe2   (  1,   1,  -2)  0.0299   (-4.334,  2.167,  2.167)  5.308 
J_iso:  0.0299 
Orbital contributions:
 isotropic J:
 [[-0.    -0.     0.002 -0.008  0.005 -0.   ]
 [-0.    -0.     0.     0.009  0.006 -0.001]
 [ 0.001  0.003 -0.003  0.004  0.003 -0.001]
 [-0.008  0.009  0.004 -0.009  0.004 -0.001]
 [ 0.005  0.006  0.     0.004 -0.    -0.001]
 [-0.    -0.001 -0.002 -0.    -0.001 -0.001]] 
----------------------------------------------------------------------------------------
   Fe1   Fe1   (  2,  -1,  -1)  0.0297   (-2.167, -2.167,  4.334)  5.308 
J_iso:  0.0297 
Orbital contributions:
 isotropic J:
 [[-0.022  0.008  0.009  0.     0.003  0.   ]
 [ 0.008 -0.     0.007  0.001  0.003 -0.001]
 [ 0.008  0.007 -0.     0.001  0.003 -0.001]
 [ 0.     0.     0.001 -0.003  0.     0.   ]
