==========================================================================================
Information: 
Exchange parameters generated by TB2J 0.8.2
Generation time: 24/03/04 19:06:45
 Input from collinear Wannier90 data.
 Tight binding data from ./. 
 Prefix of wannier function files:up/cri3_up and dn/cri3_dn.
Warning: Please check if the noise level of Wannier function Hamiltonian to make sure it is much smaller than the exchange values.

==========================================================================================
Cell (Angstrom):
6.81714342  0.00000000  0.00000000
-3.40857171  5.90381938  0.00000000
0.00000000  0.00000000  20.07837375

==========================================================================================
Atoms:  
(Note: charge and magmoms only count the wannier functions.)
Atom number        x             y             z       w_charge  w_magmom 
Cr1            -0.00000000    3.93587959    0.00000000    5.3012    3.1820
Cr2             3.40857171    1.96793979    0.00000000    5.2816    3.1808
I1             -1.20700161    2.09058812    1.54465550    5.4064   -0.0521
I2             -2.20157010    3.81323127   -1.54465490    5.4102   -0.0566
I3              1.20700161    2.09058812   -1.54465490    4.9705   -0.0723
I4              2.20157010    3.81323127    1.54465550    4.8475   -0.0747
I5              2.41400322    0.00000000    1.54465550    5.3694   -0.0558
I6              4.40314020    0.00000000   -1.54465490    5.3807   -0.0544
Total                                                    41.9675    5.9968

==========================================================================================
Orbitals used in decomposition: 
The name of the orbitals for the decomposition: 
Cr1 : ['orb_1', 'orb_2', 'orb_3', 'orb_4', 'orb_5', 'orb_6']
Cr2 : ['orb_1', 'orb_2', 'orb_3', 'orb_4', 'orb_5', 'orb_6']

==========================================================================================
Exchange: 
    i      j          R        J_iso(meV)          vector          distance(A) 
----------------------------------------------------------------------------------------
   Cr1   Cr2   (  0,   1,   0)  0.9728   ( 0.000,  3.936,  0.000)  3.936 
J_iso:  0.9728 
Orbital contributions:
 isotropic J:
 [[-0.001  0.025 -0.021  0.    -0.019 -0.005]
 [-0.049 -0.058  0.14  -0.002 -0.459  0.004]
 [-0.002  0.369  0.895 -0.    -0.     0.003]
 [ 0.001 -0.002 -0.001 -0.17   0.    -0.365]
 [ 0.015 -0.76   0.111 -0.     1.613 -0.001]
 [ 0.002  0.003  0.005 -0.298  0.001 -0.002]] 
----------------------------------------------------------------------------------------
   Cr2   Cr1   (  0,  -1,   0)  0.9728   (-0.000, -3.936,  0.000)  3.936 
J_iso:  0.9728 
Orbital contributions:
 isotropic J:
 [[-0.001 -0.049 -0.002  0.001  0.015  0.002]
 [ 0.025 -0.058  0.369 -0.002 -0.76   0.003]
 [-0.021  0.14   0.895 -0.001  0.111  0.005]
 [ 0.    -0.002 -0.    -0.17  -0.    -0.298]
 [-0.019 -0.459 -0.     0.     1.613  0.001]
 [-0.005  0.004  0.003 -0.365 -0.001 -0.002]] 
----------------------------------------------------------------------------------------
   Cr1   Cr2   ( -1,   0,   0)  0.6230   (-3.409, -1.968,  0.000)  3.936 
J_iso:  0.6230 
Orbital contributions:
 isotropic J:
 [[ 0.    -0.017 -0.015 -0.     0.008  0.012]
 [-0.001 -0.06   0.085  0.296 -0.206 -0.582]
 [-0.019  0.042 -0.142  0.181 -0.117 -0.045]
 [-0.003  0.173  0.199  0.314 -0.023  0.061]
 [-0.012 -0.165 -0.102 -0.155 -0.069  0.419]
 [ 0.007 -0.386 -0.141  0.064  0.323  0.7  ]] 
----------------------------------------------------------------------------------------
   Cr2   Cr1   (  1,   0,   0)  0.6230   ( 3.409,  1.968,  0.000)  3.936 
J_iso:  0.6230 
Orbital contributions:
 isotropic J:
 [[ 0.    -0.001 -0.019 -0.003 -0.012  0.007]
 [-0.017 -0.06   0.042  0.173 -0.165 -0.386]
 [-0.015  0.085 -0.142  0.199 -0.102 -0.141]
 [-0.     0.296  0.181  0.314 -0.155  0.064]
 [ 0.008 -0.206 -0.117 -0.023 -0.069  0.323]
 [ 0.012 -0.582 -0.045  0.061  0.419  0.7  ]] 
----------------------------------------------------------------------------------------
   Cr1   Cr2   (  0,   0,   0)  1.8727   ( 3.409, -1.968,  0.000)  3.936 
J_iso:  1.8727 
Orbital contributions:
 isotropic J:
 [[ 0.017  0.395 -0.     0.003  0.159  0.64 ]
 [ 0.152 -0.188  0.111  0.265 -0.21  -0.616]
 [-0.015  0.028 -0.135  0.194 -0.088 -0.059]
 [-0.09   0.164  0.186  0.331 -0.027  0.115]
 [ 0.095 -0.199 -0.085 -0.136 -0.074  0.215]
 [ 0.444 -0.507 -0.114  0.096  0.246  0.561]] 
----------------------------------------------------------------------------------------
   Cr2   Cr1   (  0,   0,   0)  1.8727   (-3.409,  1.968,  0.000)  3.936 
J_iso:  1.8727 
Orbital contributions:
 isotropic J:
 [[ 0.017  0.152 -0.015 -0.09   0.095  0.444]
 [ 0.395 -0.188  0.028  0.164 -0.199 -0.507]
 [-0.     0.111 -0.135  0.186 -0.085 -0.114]
 [ 0.003  0.265  0.194  0.331 -0.136  0.096]
 [ 0.159 -0.21  -0.088 -0.027 -0.074  0.246]
 [ 0.64  -0.616 -0.059  0.115  0.215  0.561]] 
----------------------------------------------------------------------------------------
   Cr1   Cr1   (  0,  -1,   0)  0.8985   ( 3.409, -5.904,  0.000)  6.817 
J_iso:  0.8985 
Orbital contributions:
 isotropic J:
 [[ 0.     0.003  0.    -0.001 -0.001 -0.002]
 [ 0.    -0.015  0.     0.004 -0.011  0.046]
 [ 0.003  0.021 -0.001  0.209 -0.009  0.003]
 [-0.     0.007  0.043  0.228 -0.001  0.029]
 [-0.     0.036 -0.016  0.073  0.028  0.002]
 [-0.    -0.004  0.003  0.044  0.003  0.171]] 
----------------------------------------------------------------------------------------
   Cr1   Cr1   (  0,   1,   0)  0.8985   (-3.409,  5.904,  0.000)  6.817 
J_iso:  0.8985 
Orbital contributions:
 isotropic J:
 [[ 0.     0.     0.003 -0.    -0.    -0.   ]
 [ 0.003 -0.015  0.021  0.007  0.036 -0.004]
 [ 0.     0.    -0.001  0.043 -0.016  0.003]
 [-0.001  0.004  0.209  0.228  0.073  0.044]
 [-0.001 -0.011 -0.009 -0.001  0.028  0.003]
 [-0.002  0.046  0.003  0.029  0.002  0.171]] 
----------------------------------------------------------------------------------------
   Cr2   Cr2   (  0,   1,   0)  0.9084   (-3.409,  5.904,  0.000)  6.817 
J_iso:  0.9084 
Orbital contributions:
 isotropic J:
 [[ 0.     0.021 -0.001  0.001 -0.003  0.002]
 [-0.    -0.016 -0.     0.023 -0.009  0.032]
 [-0.     0.004  0.     0.213 -0.019  0.059]
 [-0.     0.001  0.046  0.224  0.006  0.045]
 [-0.006  0.047 -0.007  0.013  0.026  0.008]
 [-0.    -0.001 -0.006  0.024  0.005  0.177]] 
----------------------------------------------------------------------------------------
   Cr2   Cr2   (  0,  -1,   0)  0.9084   ( 3.409, -5.904,  0.000)  6.817 
J_iso:  0.9084 
Orbital contributions:
 isotropic J:
 [[ 0.    -0.    -0.    -0.    -0.006 -0.   ]
 [ 0.021 -0.016  0.004  0.001  0.047 -0.001]
 [-0.001 -0.     0.     0.046 -0.007 -0.006]
 [ 0.001  0.023  0.213  0.224  0.013  0.024]
 [-0.003 -0.009 -0.019  0.006  0.026  0.005]
 [ 0.002  0.032  0.059  0.045  0.008  0.177]] 
----------------------------------------------------------------------------------------
   Cr2   Cr2   (  1,   0,   0)  0.9009   ( 6.817,  0.000,  0.000)  6.817 
J_iso:  0.9009 
Orbital contributions:
 isotropic J:
 [[ 0.     0.     0.     0.001 -0.    -0.001]
 [ 0.016 -0.017  0.014  0.005  0.021  0.013]
 [ 0.004 -0.004  0.462  0.013  0.103  0.003]
 [ 0.    -0.004  0.02  -0.007  0.009 -0.015]
 [ 0.023  0.045  0.045 -0.     0.218  0.015]
 [-0.     0.01   0.001 -0.027 -0.004 -0.062]] 
----------------------------------------------------------------------------------------
   Cr1   Cr1   ( -1,   0,   0)  0.9134   (-6.817,  0.000,  0.000)  6.817 
J_iso:  0.9134 
Orbital contributions:
 isotropic J:
 [[-0.     0.001  0.001 -0.001 -0.004 -0.003]
 [ 0.037 -0.021 -0.002  0.004  0.028  0.009]
 [ 0.004  0.01   0.454  0.014  0.059 -0.002]
 [-0.     0.001  0.017 -0.006  0.002 -0.02 ]
 [ 0.018  0.035  0.096  0.004  0.236  0.011]
 [-0.     0.006  0.007 -0.018 -0.004 -0.058]] 
----------------------------------------------------------------------------------------
   Cr2   Cr2   ( -1,   0,   0)  0.9009   (-6.817,  0.000,  0.000)  6.817 
J_iso:  0.9009 
Orbital contributions:
 isotropic J:
 [[ 0.     0.016  0.004  0.     0.023 -0.   ]
 [ 0.    -0.017 -0.004 -0.004  0.045  0.01 ]
 [ 0.     0.014  0.462  0.02   0.045  0.001]
 [ 0.001  0.005  0.013 -0.007 -0.    -0.027]
 [-0.     0.021  0.103  0.009  0.218 -0.004]
 [-0.001  0.013  0.003 -0.015  0.015 -0.062]] 
----------------------------------------------------------------------------------------
   Cr1   Cr1   (  1,   0,   0)  0.9134   ( 6.817,  0.000,  0.000)  6.817 
J_iso:  0.9134 
Orbital contributions:
 isotropic J:
 [[-0.     0.037  0.004 -0.     0.018 -0.   ]
 [ 0.001 -0.021  0.01   0.001  0.035  0.006]
 [ 0.001 -0.002  0.454  0.017  0.096  0.007]
 [-0.001  0.004  0.014 -0.006  0.004 -0.018]
 [-0.004  0.028  0.059  0.002  0.236 -0.004]
 [-0.003  0.009 -0.002 -0.02   0.011 -0.058]] 
----------------------------------------------------------------------------------------
   Cr1   Cr1   ( -1,  -1,   0)  0.8933   (-3.409, -5.904,  0.000)  6.817 
J_iso:  0.8933 
Orbital contributions:
 isotropic J:
 [[ 0.     0.001  0.001  0.004 -0.001  0.002]
 [ 0.004 -0.024 -0.    -0.003 -0.008  0.046]
 [ 0.002  0.01  -0.005  0.192 -0.01   0.019]
 [ 0.008  0.005  0.045  0.23  -0.003  0.026]
 [ 0.003  0.027 -0.02   0.063  0.018  0.007]
 [-0.001 -0.013  0.008  0.05   0.009  0.201]] 
----------------------------------------------------------------------------------------
   Cr2   Cr2   ( -1,  -1,   0)  0.8978   (-3.409, -5.904,  0.000)  6.817 
J_iso:  0.8978 
Orbital contributions:
 isotropic J:
 [[ 0.     0.008 -0.002  0.008  0.006 -0.005]
 [-0.    -0.023 -0.005 -0.     0.038 -0.007]
 [ 0.002 -0.001 -0.007  0.042 -0.012  0.002]
 [ 0.009  0.012  0.193  0.231  0.009  0.033]
 [-0.001 -0.011 -0.017  0.007  0.025  0.011]
 [ 0.002  0.024  0.081  0.038  0.005  0.201]] 
----------------------------------------------------------------------------------------
   Cr1   Cr1   (  1,   1,   0)  0.8933   ( 3.409,  5.904,  0.000)  6.817 
J_iso:  0.8933 
Orbital contributions:
 isotropic J:
 [[ 0.     0.004  0.002  0.008  0.003 -0.001]
 [ 0.001 -0.024  0.01   0.005  0.027 -0.013]
 [ 0.001 -0.    -0.005  0.045 -0.02   0.008]
 [ 0.004 -0.003  0.192  0.23   0.063  0.05 ]
 [-0.001 -0.008 -0.01  -0.003  0.018  0.009]
 [ 0.002  0.046  0.019  0.026  0.007  0.201]] 
----------------------------------------------------------------------------------------
   Cr2   Cr2   (  1,   1,   0)  0.8978   ( 3.409,  5.904,  0.000)  6.817 
J_iso:  0.8978 
Orbital contributions:
 isotropic J:
 [[ 0.    -0.     0.002  0.009 -0.001  0.002]
 [ 0.008 -0.023 -0.001  0.012 -0.011  0.024]
 [-0.002 -0.005 -0.007  0.193 -0.017  0.081]
 [ 0.008 -0.     0.042  0.231  0.007  0.038]
 [ 0.006  0.038 -0.012  0.009  0.025  0.005]
 [-0.005 -0.007  0.002  0.033  0.011  0.201]] 
----------------------------------------------------------------------------------------
   Cr1   Cr2   ( -1,   1,   0) -0.1945   (-6.817,  3.936,  0.000)  7.872 
J_iso: -0.1945 
Orbital contributions:
 isotropic J:
 [[-0.     0.    -0.     0.001 -0.    -0.002]
 [-0.    -0.005  0.001  0.002 -0.001 -0.003]
 [-0.     0.001  0.008 -0.015 -0.014 -0.   ]
 [-0.001  0.002 -0.016  0.069 -0.002 -0.055]
 [-0.001 -0.    -0.002 -0.002  0.035 -0.041]
 [-0.004 -0.002  0.    -0.025 -0.044 -0.078]] 
----------------------------------------------------------------------------------------
   Cr2   Cr1   (  1,  -1,   0) -0.1945   ( 6.817, -3.936,  0.000)  7.872 
J_iso: -0.1945 
Orbital contributions:
 isotropic J:
 [[-0.    -0.    -0.    -0.001 -0.001 -0.004]
 [ 0.    -0.005  0.001  0.002 -0.    -0.002]
 [-0.     0.001  0.008 -0.016 -0.002  0.   ]
 [ 0.001  0.002 -0.015  0.069 -0.002 -0.025]
 [-0.    -0.001 -0.014 -0.002  0.035 -0.044]
 [-0.002 -0.003 -0.    -0.055 -0.041 -0.078]] 
----------------------------------------------------------------------------------------
   Cr1   Cr2   ( -1,  -1,   0) -0.1834   ( 0.000, -7.872,  0.000)  7.872 
J_iso: -0.1834 
Orbital contributions:
 isotropic J:
 [[ 0.     0.001 -0.001 -0.001 -0.001  0.001]
 [ 0.002 -0.004  0.002  0.    -0.01   0.   ]
 [ 0.004  0.002  0.08  -0.    -0.085  0.   ]
 [-0.002 -0.     0.    -0.03  -0.     0.003]
 [ 0.01  -0.006 -0.038 -0.    -0.166 -0.   ]
 [-0.002  0.    -0.     0.007 -0.     0.052]] 
----------------------------------------------------------------------------------------
   Cr2   Cr1   (  1,   1,   0) -0.1834   (-0.000,  7.872,  0.000)  7.872 
J_iso: -0.1834 
Orbital contributions:
 isotropic J:
 [[ 0.     0.002  0.004 -0.002  0.01  -0.002]
 [ 0.001 -0.004  0.002 -0.    -0.006  0.   ]
 [-0.001  0.002  0.08   0.    -0.038 -0.   ]
 [-0.001  0.    -0.    -0.03  -0.     0.007]
 [-0.001 -0.01  -0.085 -0.    -0.166 -0.   ]
 [ 0.001  0.     0.     0.003 -0.     0.052]] 
----------------------------------------------------------------------------------------
   Cr2   Cr1   ( -1,  -1,   0) -0.1867   (-6.817, -3.936,  0.000)  7.872 
J_iso: -0.1867 
Orbital contributions:
 isotropic J:
 [[ 0.     0.001  0.003 -0.006  0.003  0.003]
 [ 0.001 -0.004  0.001  0.004 -0.002 -0.009]
 [ 0.003  0.001  0.015 -0.018 -0.015 -0.007]
 [-0.004  0.003 -0.015  0.063 -0.005 -0.052]
 [ 0.006 -0.001 -0.003 -0.002  0.033 -0.047]
 [ 0.001 -0.006 -0.004 -0.024 -0.038 -0.066]] 
----------------------------------------------------------------------------------------
   Cr1   Cr2   (  1,   1,   0) -0.1867   ( 6.817,  3.936,  0.000)  7.872 
J_iso: -0.1867 
Orbital contributions:
 isotropic J:
 [[ 0.     0.001  0.003 -0.004  0.006  0.001]
 [ 0.001 -0.004  0.001  0.003 -0.001 -0.006]
 [ 0.003  0.001  0.015 -0.015 -0.003 -0.004]
 [-0.006  0.004 -0.018  0.063 -0.002 -0.024]
 [ 0.003 -0.002 -0.015 -0.005  0.033 -0.038]
 [ 0.003 -0.009 -0.007 -0.052 -0.047 -0.066]] 
----------------------------------------------------------------------------------------
   Cr2   Cr1   (  0,  -2,   0)  0.0001   ( 3.409, -9.840,  0.000) 10.413 
J_iso:  0.0001 
Orbital contributions:
 isotropic J:
 [[ 0.    -0.     0.    -0.     0.    -0.   ]
 [-0.    -0.001  0.003  0.004  0.001 -0.01 ]
 [ 0.     0.003 -0.002  0.006 -0.001  0.   ]
 [-0.     0.002  0.006  0.008 -0.    -0.002]
 [ 0.     0.001 -0.001  0.    -0.005 -0.002]
 [-0.    -0.007  0.004 -0.001 -0.004 -0.001]] 
----------------------------------------------------------------------------------------
   Cr1   Cr2   (  0,   2,   0)  0.0001   (-3.409,  9.840,  0.000) 10.413 
J_iso:  0.0001 
Orbital contributions:
 isotropic J:
 [[ 0.    -0.     0.    -0.     0.    -0.   ]
 [-0.    -0.001  0.003  0.002  0.001 -0.007]
 [ 0.     0.003 -0.002  0.006 -0.001  0.004]
 [-0.     0.004  0.006  0.008  0.    -0.001]
 [ 0.     0.001 -0.001 -0.    -0.005 -0.004]
 [-0.    -0.01   0.    -0.002 -0.002 -0.001]] 
----------------------------------------------------------------------------------------
   Cr1   Cr2   ( -2,   0,   0) -0.0011   (-10.226, -1.968,  0.000) 10.413 
J_iso: -0.0011 
Orbital contributions:
 isotropic J:
 [[ 0.    -0.    -0.     0.     0.    -0.   ]
 [-0.     0.     0.009 -0.001 -0.007 -0.003]
 [-0.     0.006  0.014 -0.    -0.004  0.002]
 [ 0.    -0.001 -0.001  0.001  0.    -0.   ]
 [-0.    -0.004  0.     0.001  0.    -0.008]
 [-0.    -0.003  0.001  0.001 -0.006  0.002]] 
----------------------------------------------------------------------------------------
   Cr2   Cr1   (  2,   0,   0) -0.0011   (10.226,  1.968,  0.000) 10.413 
J_iso: -0.0011 
Orbital contributions:
 isotropic J:
 [[ 0.    -0.    -0.     0.    -0.    -0.   ]
 [-0.     0.     0.006 -0.001 -0.004 -0.003]
 [-0.     0.009  0.014 -0.001  0.     0.001]
 [ 0.    -0.001 -0.     0.001  0.001  0.001]
 [ 0.    -0.007 -0.004  0.     0.    -0.006]
 [-0.    -0.003  0.002 -0.    -0.008  0.002]] 
----------------------------------------------------------------------------------------
   Cr2   Cr1   ( -1,  -2,   0) -0.0022   (-3.409, -9.840,  0.000) 10.413 
J_iso: -0.0022 
Orbital contributions:
 isotropic J:
 [[-0.    -0.     0.     0.    -0.    -0.001]
 [-0.    -0.     0.004  0.004  0.001 -0.01 ]
 [ 0.     0.004 -0.002  0.006 -0.001  0.   ]
 [-0.     0.002  0.006  0.007 -0.001 -0.003]
 [-0.     0.001 -0.001  0.    -0.004 -0.002]
 [-0.    -0.007  0.004 -0.001 -0.005 -0.003]] 
----------------------------------------------------------------------------------------
   Cr1   Cr2   (  1,   2,   0) -0.0022   ( 3.409,  9.840,  0.000) 10.413 
J_iso: -0.0022 
Orbital contributions:
 isotropic J:
 [[-0.    -0.     0.    -0.    -0.    -0.   ]
 [-0.    -0.     0.004  0.002  0.001 -0.007]
 [ 0.     0.004 -0.002  0.006 -0.001  0.004]
 [ 0.     0.004  0.006  0.007  0.    -0.001]
 [-0.     0.001 -0.001 -0.001 -0.004 -0.005]
 [-0.001 -0.01   0.    -0.003 -0.002 -0.003]] 
----------------------------------------------------------------------------------------
   Cr1   Cr2   ( -2,  -1,   0) -0.0009   (-6.817, -7.872,  0.000) 10.413 
J_iso: -0.0009 
Orbital contributions:
 isotropic J:
 [[-0.    -0.     0.    -0.     0.    -0.   ]
 [-0.    -0.     0.     0.009 -0.008 -0.001]
 [-0.    -0.001 -0.     0.006 -0.    -0.001]
 [ 0.     0.007  0.007  0.005  0.    -0.003]
 [ 0.    -0.006  0.     0.003 -0.01   0.002]
 [ 0.     0.    -0.    -0.     0.002 -0.01 ]] 
----------------------------------------------------------------------------------------
   Cr2   Cr1   (  2,   1,   0) -0.0009   ( 6.817,  7.872,  0.000) 10.413 
J_iso: -0.0009 
Orbital contributions:
 isotropic J:
 [[-0.    -0.    -0.     0.     0.     0.   ]
 [-0.    -0.    -0.001  0.007 -0.006  0.   ]
 [ 0.     0.    -0.     0.007  0.    -0.   ]
 [-0.     0.009  0.006  0.005  0.003 -0.   ]
 [ 0.    -0.008 -0.     0.    -0.01   0.002]
 [-0.    -0.001 -0.001 -0.003  0.002 -0.01 ]] 
----------------------------------------------------------------------------------------
   Cr1   Cr2   (  0,  -1,   0) -0.0020   ( 6.817, -7.872,  0.000) 10.413 
J_iso: -0.0020 
Orbital contributions:
 isotropic J:
 [[-0.    -0.     0.001 -0.     0.002 -0.   ]
 [ 0.001 -0.001 -0.     0.008 -0.009 -0.   ]
 [ 0.    -0.001 -0.     0.006 -0.001 -0.001]
 [-0.     0.006  0.007  0.005  0.001 -0.003]
 [-0.    -0.006  0.     0.003 -0.011  0.002]
 [-0.     0.001 -0.    -0.     0.001 -0.012]] 
----------------------------------------------------------------------------------------
   Cr2   Cr1   (  0,   1,   0) -0.0020   (-6.817,  7.872,  0.000) 10.413 
J_iso: -0.0020 
Orbital contributions:
 isotropic J:
 [[-0.     0.001  0.    -0.    -0.    -0.   ]
 [-0.    -0.001 -0.001  0.006 -0.006  0.001]
 [ 0.001 -0.    -0.     0.007  0.    -0.   ]
 [-0.     0.008  0.006  0.005  0.003 -0.   ]
 [ 0.002 -0.009 -0.001  0.001 -0.011  0.001]
 [-0.    -0.    -0.001 -0.003  0.002 -0.012]] 
----------------------------------------------------------------------------------------
   Cr2   Cr1   ( -1,   0,   0)  0.0017   (-10.226,  1.968,  0.000) 10.413 
J_iso:  0.0017 
Orbital contributions:
 isotropic J:
 [[-0.     0.001  0.     0.002  0.001 -0.   ]
 [ 0.002  0.001  0.009 -0.001 -0.007 -0.004]
 [-0.001  0.007  0.015 -0.    -0.002  0.   ]
 [ 0.001 -0.001 -0.001  0.002 -0.     0.   ]
 [-0.002 -0.004  0.001  0.001  0.    -0.008]
 [ 0.    -0.003 -0.     0.001 -0.008 -0.   ]] 
----------------------------------------------------------------------------------------
   Cr1   Cr2   (  1,   0,   0)  0.0017   (10.226, -1.968,  0.000) 10.413 
J_iso:  0.0017 
Orbital contributions:
 isotropic J:
 [[-0.     0.002 -0.001  0.001 -0.002  0.   ]
 [ 0.001  0.001  0.007 -0.001 -0.004 -0.003]
 [ 0.     0.009  0.015 -0.001  0.001 -0.   ]
 [ 0.002 -0.001 -0.     0.002  0.001  0.001]
 [ 0.001 -0.007 -0.002 -0.     0.    -0.008]
 [-0.    -0.004  0.     0.    -0.008 -0.   ]] 
----------------------------------------------------------------------------------------
   Cr1   Cr1   ( -1,   1,   0) -0.0289   (-10.226,  5.904,  0.000) 11.808 
J_iso: -0.0289 
Orbital contributions:
 isotropic J:
 [[-0.    -0.    -0.     0.    -0.    -0.   ]
 [ 0.     0.     0.     0.001  0.     0.   ]
 [-0.    -0.001 -0.009 -0.002  0.002  0.   ]
 [-0.001 -0.003 -0.003  0.002  0.    -0.001]
 [ 0.    -0.002 -0.002  0.002 -0.002 -0.004]
 [ 0.    -0.006  0.002  0.001 -0.003 -0.001]] 
----------------------------------------------------------------------------------------
   Cr2   Cr2   ( -1,   1,   0) -0.0289   (-10.226,  5.904,  0.000) 11.808 
J_iso: -0.0289 
Orbital contributions:
 isotropic J:
 [[ 0.     0.     0.    -0.001  0.     0.002]
 [-0.     0.    -0.001 -0.003 -0.002 -0.007]
 [-0.     0.    -0.007 -0.003 -0.002  0.002]
 [ 0.     0.    -0.003  0.002  0.002 -0.   ]
 [-0.     0.     0.001  0.    -0.003 -0.004]
 [-0.     0.    -0.    -0.001 -0.004 -0.   ]] 
----------------------------------------------------------------------------------------
   Cr2   Cr2   (  1,  -1,   0) -0.0289   (10.226, -5.904,  0.000) 11.808 
J_iso: -0.0289 
Orbital contributions:
 isotropic J:
 [[ 0.    -0.    -0.     0.    -0.    -0.   ]
 [ 0.     0.     0.     0.     0.     0.   ]
 [ 0.    -0.001 -0.007 -0.003  0.001 -0.   ]
 [-0.001 -0.003 -0.003  0.002  0.    -0.001]
 [ 0.    -0.002 -0.002  0.002 -0.003 -0.004]
 [ 0.002 -0.007  0.002 -0.    -0.004 -0.   ]] 
----------------------------------------------------------------------------------------
   Cr1   Cr1   (  1,  -1,   0) -0.0289   (10.226, -5.904,  0.000) 11.808 
J_iso: -0.0289 
Orbital contributions:
 isotropic J:
 [[-0.     0.    -0.    -0.001  0.     0.   ]
 [-0.     0.    -0.001 -0.003 -0.002 -0.006]
 [-0.     0.    -0.009 -0.003 -0.002  0.002]
 [ 0.     0.001 -0.002  0.002  0.002  0.001]
 [-0.     0.     0.002  0.    -0.002 -0.003]
 [-0.     0.     0.    -0.001 -0.004 -0.001]] 
----------------------------------------------------------------------------------------
   Cr1   Cr1   ( -1,  -2,   0) -0.0308   (-0.000, -11.808,  0.000) 11.808 
J_iso: -0.0308 
Orbital contributions:
 isotropic J:
 [[-0.     0.     0.    -0.    -0.    -0.   ]
 [-0.    -0.     0.001 -0.     0.     0.   ]
 [ 0.    -0.005  0.004 -0.    -0.002 -0.   ]
 [-0.     0.    -0.    -0.016 -0.     0.003]
 [ 0.    -0.008  0.004 -0.    -0.003  0.   ]
 [ 0.     0.    -0.    -0.001  0.    -0.007]] 
----------------------------------------------------------------------------------------
   Cr2   Cr2   ( -1,  -2,   0) -0.0316   (-0.000, -11.808,  0.000) 11.808 
J_iso: -0.0316 
Orbital contributions:
 isotropic J:
 [[-0.     0.     0.     0.    -0.    -0.   ]
 [ 0.001 -0.    -0.004  0.    -0.01  -0.   ]
 [ 0.     0.001  0.004  0.     0.002 -0.   ]
 [-0.     0.     0.    -0.015 -0.     0.   ]
 [-0.     0.    -0.001 -0.    -0.001  0.   ]
 [-0.    -0.    -0.     0.002  0.    -0.008]] 
----------------------------------------------------------------------------------------
   Cr1   Cr1   (  1,   2,   0) -0.0308   ( 0.000, 11.808,  0.000) 11.808 
J_iso: -0.0308 
Orbital contributions:
 isotropic J:
 [[-0.    -0.     0.    -0.     0.     0.   ]
 [ 0.    -0.    -0.005  0.    -0.008  0.   ]
 [ 0.     0.001  0.004 -0.     0.004 -0.   ]
 [-0.    -0.    -0.    -0.016 -0.    -0.001]
 [-0.     0.    -0.002 -0.    -0.003  0.   ]
 [-0.     0.    -0.     0.003  0.    -0.007]] 
----------------------------------------------------------------------------------------
   Cr2   Cr2   (  1,   2,   0) -0.0316   ( 0.000, 11.808,  0.000) 11.808 
J_iso: -0.0316 
Orbital contributions:
 isotropic J:
 [[-0.     0.001  0.    -0.    -0.    -0.   ]
 [ 0.    -0.     0.001  0.     0.    -0.   ]
 [ 0.    -0.004  0.004  0.    -0.001 -0.   ]
 [ 0.     0.     0.    -0.015 -0.     0.002]
 [-0.    -0.01   0.002 -0.    -0.001  0.   ]
 [-0.    -0.    -0.     0.     0.    -0.008]] 
----------------------------------------------------------------------------------------
   Cr1   Cr1   ( -2,  -1,   0) -0.0311   (-10.226, -5.904,  0.000) 11.808 
J_iso: -0.0311 
Orbital contributions:
 isotropic J:
 [[ 0.     0.     0.     0.     0.    -0.   ]
 [ 0.001 -0.    -0.001 -0.003 -0.002 -0.008]
 [-0.     0.    -0.007 -0.003 -0.001  0.002]
 [-0.001  0.001 -0.003  0.002  0.002 -0.   ]
 [-0.     0.     0.001 -0.    -0.003 -0.004]
 [-0.001  0.    -0.     0.    -0.003  0.001]] 
----------------------------------------------------------------------------------------
   Cr2   Cr2   ( -2,  -1,   0) -0.0313   (-10.226, -5.904,  0.000) 11.808 
J_iso: -0.0313 
Orbital contributions:
 isotropic J:
 [[ 0.     0.    -0.    -0.001 -0.    -0.   ]
 [-0.    -0.     0.     0.001 -0.     0.   ]
 [-0.    -0.001 -0.008 -0.003  0.001  0.   ]
 [-0.    -0.004 -0.003  0.001  0.    -0.   ]
 [ 0.    -0.002 -0.001  0.002 -0.002 -0.003]
 [ 0.    -0.006  0.002  0.001 -0.004 -0.   ]] 
----------------------------------------------------------------------------------------
   Cr1   Cr1   (  2,   1,   0) -0.0311   (10.226,  5.904,  0.000) 11.808 
J_iso: -0.0311 
Orbital contributions:
 isotropic J:
 [[ 0.     0.001 -0.    -0.001 -0.    -0.001]
 [ 0.    -0.     0.     0.001  0.     0.   ]
 [ 0.    -0.001 -0.007 -0.003  0.001 -0.   ]
 [ 0.    -0.003 -0.003  0.002 -0.     0.   ]
 [ 0.    -0.002 -0.001  0.002 -0.003 -0.003]
 [-0.    -0.008  0.002 -0.    -0.004  0.001]] 
----------------------------------------------------------------------------------------
   Cr2   Cr2   (  2,   1,   0) -0.0313   (10.226,  5.904,  0.000) 11.808 
J_iso: -0.0313 
Orbital contributions:
 isotropic J:
 [[ 0.    -0.    -0.    -0.     0.     0.   ]
 [ 0.    -0.    -0.001 -0.004 -0.002 -0.006]
 [-0.     0.    -0.008 -0.003 -0.001  0.002]
 [-0.001  0.001 -0.003  0.001  0.002  0.001]
 [-0.    -0.     0.001  0.    -0.002 -0.004]
 [-0.     0.     0.    -0.    -0.003 -0.   ]] 
----------------------------------------------------------------------------------------
   Cr1   Cr1   (  0,  -2,   0) -0.0088   ( 6.817, -11.808,  0.000) 13.634 
J_iso: -0.0088 
Orbital contributions:
 isotropic J:
 [[ 0.    -0.    -0.    -0.    -0.    -0.   ]
 [ 0.    -0.001 -0.    -0.     0.     0.   ]
 [ 0.    -0.    -0.     0.    -0.    -0.   ]
 [ 0.    -0.    -0.002 -0.001 -0.    -0.001]
 [ 0.    -0.    -0.    -0.     0.     0.   ]
 [-0.     0.     0.    -0.001 -0.    -0.   ]] 
----------------------------------------------------------------------------------------
   Cr2   Cr2   (  0,  -2,   0) -0.0087   ( 6.817, -11.808,  0.000) 13.634 
J_iso: -0.0087 
Orbital contributions:
 isotropic J:
 [[-0.     0.     0.    -0.     0.    -0.   ]
 [ 0.    -0.001 -0.    -0.     0.     0.   ]
 [-0.    -0.    -0.001 -0.002 -0.     0.   ]
 [-0.    -0.     0.    -0.001 -0.    -0.001]
 [ 0.     0.    -0.    -0.     0.    -0.   ]
 [-0.     0.    -0.    -0.001  0.    -0.   ]] 
----------------------------------------------------------------------------------------
   Cr1   Cr1   (  0,   2,   0) -0.0088   (-6.817, 11.808,  0.000) 13.634 
J_iso: -0.0088 
Orbital contributions:
 isotropic J:
 [[ 0.     0.     0.     0.     0.    -0.   ]
 [-0.    -0.001 -0.    -0.    -0.     0.   ]
 [-0.    -0.    -0.    -0.002 -0.     0.   ]
 [-0.    -0.     0.    -0.001 -0.    -0.001]
 [-0.     0.    -0.    -0.     0.    -0.   ]
 [-0.     0.    -0.    -0.001  0.    -0.   ]] 
----------------------------------------------------------------------------------------
   Cr2   Cr2   (  0,   2,   0) -0.0087   (-6.817, 11.808,  0.000) 13.634 
J_iso: -0.0087 
Orbital contributions:
 isotropic J:
 [[-0.     0.    -0.    -0.     0.    -0.   ]
 [ 0.    -0.001 -0.    -0.     0.     0.   ]
 [ 0.    -0.    -0.001  0.    -0.    -0.   ]
 [-0.    -0.    -0.002 -0.001 -0.    -0.001]
 [ 0.     0.    -0.    -0.     0.     0.   ]
 [-0.     0.     0.    -0.001 -0.    -0.   ]] 
----------------------------------------------------------------------------------------
   Cr1   Cr1   ( -2,   0,   0) -0.0086   (-13.634,  0.000,  0.000) 13.634 
J_iso: -0.0086 
Orbital contributions:
 isotropic J:
 [[-0.     0.    -0.     0.     0.     0.   ]
 [-0.    -0.001 -0.    -0.     0.    -0.   ]
 [-0.    -0.    -0.001 -0.001 -0.001 -0.   ]
 [-0.    -0.    -0.001 -0.     0.     0.   ]
 [ 0.     0.    -0.001  0.    -0.001 -0.   ]
 [-0.     0.    -0.    -0.    -0.     0.   ]] 
----------------------------------------------------------------------------------------
   Cr2   Cr2   ( -2,   0,   0) -0.0088   (-13.634,  0.000,  0.000) 13.634 
J_iso: -0.0088 
Orbital contributions:
 isotropic J:
 [[ 0.    -0.    -0.    -0.    -0.    -0.   ]
 [ 0.    -0.001 -0.001 -0.     0.     0.   ]
 [ 0.    -0.    -0.001 -0.001 -0.001 -0.   ]
 [-0.    -0.    -0.001 -0.     0.    -0.   ]
 [-0.     0.    -0.001  0.    -0.001 -0.   ]
 [ 0.    -0.    -0.    -0.    -0.     0.   ]] 
----------------------------------------------------------------------------------------
   Cr2   Cr2   (  2,   0,   0) -0.0088   (13.634,  0.000,  0.000) 13.634 
J_iso: -0.0088 
Orbital contributions:
 isotropic J:
 [[ 0.     0.     0.    -0.    -0.     0.   ]
 [-0.    -0.001 -0.    -0.     0.    -0.   ]
 [-0.    -0.001 -0.001 -0.001 -0.001 -0.   ]
 [-0.    -0.    -0.001 -0.     0.    -0.   ]
 [-0.     0.    -0.001  0.    -0.001 -0.   ]
 [-0.     0.    -0.    -0.    -0.     0.   ]] 
----------------------------------------------------------------------------------------
   Cr1   Cr1   (  2,   0,   0) -0.0086   (13.634,  0.000,  0.000) 13.634 
J_iso: -0.0086 
Orbital contributions:
 isotropic J:
 [[-0.    -0.    -0.    -0.     0.    -0.   ]
 [ 0.    -0.001 -0.    -0.     0.     0.   ]
 [-0.    -0.    -0.001 -0.001 -0.001 -0.   ]
 [ 0.    -0.    -0.001 -0.     0.    -0.   ]
 [ 0.     0.    -0.001  0.    -0.001 -0.   ]
 [ 0.    -0.    -0.     0.    -0.     0.   ]] 
----------------------------------------------------------------------------------------
   Cr2   Cr2   (  2,   2,   0) -0.0081   ( 6.817, 11.808,  0.000) 13.634 
J_iso: -0.0081 
Orbital contributions:
 isotropic J:
 [[-0.    -0.     0.     0.    -0.     0.   ]
 [ 0.    -0.001 -0.    -0.     0.     0.   ]
 [-0.    -0.    -0.     0.    -0.    -0.   ]
 [ 0.    -0.    -0.002 -0.001 -0.    -0.001]
 [ 0.     0.    -0.    -0.     0.     0.   ]
 [ 0.     0.     0.    -0.001 -0.    -0.001]] 
----------------------------------------------------------------------------------------
   Cr1   Cr1   ( -2,  -2,   0) -0.0083   (-6.817, -11.808,  0.000) 13.634 
J_iso: -0.0083 
Orbital contributions:
 isotropic J:
 [[-0.    -0.     0.    -0.     0.     0.   ]
 [ 0.    -0.001 -0.    -0.    -0.     0.   ]
 [ 0.    -0.    -0.     0.    -0.    -0.   ]
 [ 0.    -0.    -0.002 -0.001 -0.    -0.001]
 [ 0.     0.    -0.    -0.     0.     0.   ]
 [-0.     0.    -0.    -0.001 -0.    -0.001]] 
----------------------------------------------------------------------------------------
   Cr2   Cr2   ( -2,  -2,   0) -0.0081   (-6.817, -11.808,  0.000) 13.634 
J_iso: -0.0081 
Orbital contributions:
 isotropic J:
 [[-0.     0.    -0.     0.     0.     0.   ]
 [-0.    -0.001 -0.    -0.     0.     0.   ]
 [ 0.    -0.    -0.    -0.002 -0.     0.   ]
 [ 0.    -0.     0.    -0.001 -0.    -0.001]
 [-0.     0.    -0.    -0.     0.    -0.   ]
 [ 0.     0.    -0.    -0.001  0.    -0.001]] 
----------------------------------------------------------------------------------------
   Cr1   Cr1   (  2,   2,   0) -0.0083   ( 6.817, 11.808,  0.000) 13.634 
J_iso: -0.0083 
Orbital contributions:
 isotropic J:
 [[-0.     0.     0.     0.     0.    -0.   ]
 [-0.    -0.001 -0.    -0.     0.     0.   ]
 [ 0.    -0.    -0.    -0.002 -0.    -0.   ]
 [-0.    -0.     0.    -0.001 -0.    -0.001]
 [ 0.    -0.    -0.    -0.     0.    -0.   ]
 [ 0.     0.    -0.    -0.001  0.    -0.001]] 
----------------------------------------------------------------------------------------
   Cr1   Cr2   ( -1,   2,   0) -0.0002   (-10.226,  9.840,  0.000) 14.191 
J_iso: -0.0002 
Orbital contributions:
 isotropic J:
 [[-0.     0.     0.     0.    -0.     0.   ]
 [ 0.     0.     0.     0.     0.     0.   ]
 [ 0.     0.     0.001 -0.     0.    -0.   ]
 [ 0.     0.    -0.    -0.    -0.    -0.   ]
 [-0.     0.     0.001 -0.    -0.    -0.   ]
 [-0.     0.    -0.001 -0.    -0.    -0.   ]] 
----------------------------------------------------------------------------------------
   Cr2   Cr1   (  1,  -2,   0) -0.0002   (10.226, -9.840,  0.000) 14.191 
J_iso: -0.0002 
Orbital contributions:
 isotropic J:
 [[-0.     0.     0.     0.    -0.    -0.   ]
 [ 0.     0.     0.     0.     0.     0.   ]
 [ 0.     0.     0.001 -0.     0.001 -0.001]
 [ 0.     0.    -0.    -0.    -0.    -0.   ]
 [-0.     0.     0.    -0.    -0.    -0.   ]
 [ 0.     0.    -0.    -0.    -0.    -0.   ]] 
----------------------------------------------------------------------------------------
   Cr2   Cr1   (  2,  -1,   0) -0.0001   (13.634, -3.936,  0.000) 14.191 
J_iso: -0.0001 
Orbital contributions:
 isotropic J:
 [[-0.     0.     0.     0.    -0.    -0.   ]
 [ 0.     0.     0.     0.     0.     0.   ]
 [-0.     0.    -0.     0.    -0.001  0.   ]
 [ 0.     0.     0.001  0.001  0.     0.   ]
 [ 0.     0.    -0.001  0.    -0.    -0.   ]
 [-0.     0.     0.     0.    -0.    -0.   ]] 
----------------------------------------------------------------------------------------
   Cr1   Cr2   ( -2,   1,   0) -0.0001   (-13.634,  3.936,  0.000) 14.191 
J_iso: -0.0001 
Orbital contributions:
 isotropic J:
 [[-0.     0.    -0.     0.     0.    -0.   ]
 [ 0.     0.     0.     0.     0.     0.   ]
 [ 0.     0.    -0.     0.001 -0.001  0.   ]
 [ 0.     0.     0.     0.001  0.     0.   ]
 [-0.     0.    -0.001  0.    -0.    -0.   ]
 [-0.     0.     0.     0.    -0.    -0.   ]] 
----------------------------------------------------------------------------------------
   Cr1   Cr2   ( -1,  -2,   0) -0.0000   ( 3.409, -13.776,  0.000) 14.191 
J_iso: -0.0000 
Orbital contributions:
 isotropic J:
 [[-0.    -0.    -0.     0.    -0.    -0.   ]
 [-0.     0.     0.     0.     0.     0.   ]
 [-0.     0.     0.     0.     0.    -0.   ]
 [-0.     0.     0.     0.001 -0.     0.   ]
 [-0.     0.     0.    -0.     0.    -0.001]
 [-0.    -0.    -0.     0.    -0.     0.   ]] 
----------------------------------------------------------------------------------------
   Cr2   Cr1   (  1,   2,   0) -0.0000   (-3.409, 13.776,  0.000) 14.191 
J_iso: -0.0000 
Orbital contributions:
 isotropic J:
 [[-0.    -0.    -0.    -0.    -0.    -0.   ]
 [-0.     0.     0.     0.     0.    -0.   ]
 [-0.     0.     0.     0.     0.    -0.   ]
 [ 0.     0.     0.     0.001 -0.     0.   ]
 [-0.     0.     0.    -0.     0.    -0.   ]
 [-0.     0.    -0.     0.    -0.001  0.   ]] 
----------------------------------------------------------------------------------------
   Cr1   Cr2   ( -2,  -2,   0)  0.0000   (-3.409, -13.776,  0.000) 14.191 
J_iso:  0.0000 
Orbital contributions:
 isotropic J:
 [[ 0.     0.     0.    -0.     0.     0.   ]
 [ 0.     0.     0.     0.     0.    -0.   ]
 [ 0.     0.     0.     0.     0.    -0.   ]
 [ 0.     0.     0.     0.001 -0.     0.   ]
 [ 0.     0.     0.    -0.     0.    -0.001]
 [ 0.    -0.    -0.    -0.    -0.001 -0.   ]] 
----------------------------------------------------------------------------------------
   Cr2   Cr1   (  2,   2,   0)  0.0000   ( 3.409, 13.776,  0.000) 14.191 
J_iso:  0.0000 
Orbital contributions:
 isotropic J:
 [[ 0.     0.     0.     0.     0.     0.   ]
 [ 0.     0.     0.     0.     0.    -0.   ]
 [ 0.     0.     0.     0.     0.    -0.   ]
 [-0.     0.     0.     0.001 -0.    -0.   ]
 [ 0.     0.     0.    -0.     0.    -0.001]
 [ 0.    -0.    -0.     0.    -0.001 -0.   ]] 
----------------------------------------------------------------------------------------
   Cr2   Cr1   ( -2,  -2,   0) -0.0001   (-10.226, -9.840,  0.000) 14.191 
J_iso: -0.0001 
Orbital contributions:
 isotropic J:
 [[ 0.     0.    -0.    -0.     0.     0.   ]
 [ 0.     0.     0.     0.     0.     0.   ]
 [-0.     0.     0.002 -0.     0.001 -0.   ]
 [ 0.     0.     0.    -0.    -0.    -0.001]
 [ 0.     0.     0.001 -0.    -0.001 -0.   ]
 [ 0.     0.    -0.001 -0.    -0.    -0.   ]] 
----------------------------------------------------------------------------------------
   Cr1   Cr2   (  2,   2,   0) -0.0001   (10.226,  9.840,  0.000) 14.191 
J_iso: -0.0001 
Orbital contributions:
 isotropic J:
 [[ 0.     0.    -0.     0.     0.     0.   ]
 [ 0.     0.     0.     0.     0.     0.   ]
 [-0.     0.     0.002  0.     0.001 -0.001]
 [-0.     0.    -0.    -0.    -0.    -0.   ]
 [ 0.     0.     0.001 -0.    -0.001 -0.   ]
 [ 0.     0.    -0.    -0.001 -0.    -0.   ]] 
----------------------------------------------------------------------------------------
   Cr2   Cr1   ( -2,  -1,   0)  0.0001   (-13.634, -3.936,  0.000) 14.191 
J_iso:  0.0001 
Orbital contributions:
 isotropic J:
 [[ 0.    -0.     0.    -0.    -0.     0.   ]
 [-0.     0.     0.     0.     0.     0.   ]
 [-0.     0.    -0.     0.    -0.001  0.   ]
 [ 0.     0.     0.     0.001  0.     0.   ]
 [-0.     0.    -0.001  0.    -0.    -0.   ]
 [-0.     0.     0.     0.    -0.    -0.   ]] 
----------------------------------------------------------------------------------------
   Cr1   Cr2   (  2,   1,   0)  0.0001   (13.634,  3.936,  0.000) 14.191 
J_iso:  0.0001 
Orbital contributions:
 isotropic J:
 [[ 0.    -0.    -0.     0.    -0.    -0.   ]
 [-0.     0.     0.     0.     0.     0.   ]
 [ 0.     0.    -0.     0.    -0.001  0.   ]
 [-0.     0.     0.     0.001  0.     0.   ]
 [-0.     0.    -0.001  0.    -0.    -0.   ]
 [ 0.     0.     0.     0.    -0.    -0.   ]] 
----------------------------------------------------------------------------------------
   Cr2   Cr1   ( -1,  -3,   0) -0.0066   (-0.000, -15.744,  0.000) 15.744 
J_iso: -0.0066 
Orbital contributions:
 isotropic J:
 [[ 0.    -0.     0.     0.     0.     0.   ]
 [-0.    -0.     0.     0.    -0.    -0.   ]
 [-0.     0.     0.    -0.    -0.     0.   ]
 [-0.     0.    -0.    -0.006  0.     0.001]
 [-0.     0.    -0.     0.     0.     0.   ]
 [ 0.    -0.     0.     0.     0.    -0.002]] 
----------------------------------------------------------------------------------------
   Cr1   Cr2   (  1,   3,   0) -0.0066   ( 0.000, 15.744,  0.000) 15.744 
J_iso: -0.0066 
Orbital contributions:
 isotropic J:
 [[ 0.    -0.    -0.    -0.    -0.     0.   ]
 [-0.    -0.     0.     0.     0.    -0.   ]
 [ 0.     0.     0.    -0.    -0.     0.   ]
 [ 0.     0.    -0.    -0.006  0.     0.   ]
 [ 0.    -0.    -0.     0.     0.     0.   ]
 [ 0.    -0.     0.     0.001  0.    -0.002]] 
----------------------------------------------------------------------------------------
   Cr2   Cr1   (  3,   1,   0) -0.0066   (13.634,  7.872,  0.000) 15.744 
J_iso: -0.0066 
Orbital contributions:
 isotropic J:
 [[ 0.    -0.    -0.    -0.     0.    -0.   ]
 [-0.    -0.     0.     0.    -0.     0.   ]
 [ 0.     0.    -0.003 -0.001  0.    -0.   ]
 [ 0.     0.    -0.001  0.    -0.     0.   ]
 [-0.    -0.     0.     0.    -0.001 -0.   ]
 [-0.    -0.     0.     0.    -0.     0.   ]] 
----------------------------------------------------------------------------------------
   Cr1   Cr2   ( -3,  -1,   0) -0.0066   (-13.634, -7.872,  0.000) 15.744 
J_iso: -0.0066 
Orbital contributions:
 isotropic J:
 [[ 0.    -0.     0.     0.    -0.    -0.   ]
 [-0.    -0.     0.     0.    -0.    -0.   ]
 [-0.     0.    -0.003 -0.001  0.     0.   ]
 [-0.     0.    -0.001  0.     0.     0.   ]
 [ 0.    -0.     0.    -0.    -0.001 -0.   ]
 [-0.     0.    -0.     0.    -0.     0.   ]] 
----------------------------------------------------------------------------------------
   Cr2   Cr1   ( -1,   1,   0) -0.0068   (-13.634,  7.872,  0.000) 15.744 
J_iso: -0.0068 
Orbital contributions:
 isotropic J:
 [[ 0.     0.     0.    -0.     0.     0.   ]
 [ 0.    -0.     0.     0.    -0.    -0.   ]
 [-0.     0.    -0.003 -0.001  0.     0.   ]
 [-0.     0.    -0.001  0.     0.    -0.   ]
 [-0.    -0.     0.     0.    -0.001 -0.   ]
 [ 0.    -0.    -0.    -0.    -0.     0.   ]] 
----------------------------------------------------------------------------------------
   Cr1   Cr2   (  1,  -1,   0) -0.0068   (13.634, -7.872,  0.000) 15.744 
J_iso: -0.0068 
Orbital contributions:
 isotropic J:
 [[ 0.     0.    -0.    -0.    -0.     0.   ]
