==========================================================================================
Information: 
Exchange parameters generated by TB2J 0.8.2
Generation time: 24/03/04 19:40:47
 Input from collinear Wannier90 data.
 Tight binding data from ./. 
 Prefix of wannier function files:up/cri3_up and dn/cri3_dn.
Warning: Please check if the noise level of Wannier function Hamiltonian to make sure it is much smaller than the exchange values.

==========================================================================================
Cell (Angstrom):
6.81714342  0.00000000  0.00000000
-3.40857171  5.90381938  0.00000000
0.00000000  0.00000000  20.07837375

==========================================================================================
Atoms:  
(Note: charge and magmoms only count the wannier functions.)
Atom number        x             y             z       w_charge  w_magmom 
Cr1            -0.00000000    3.93587959    0.00000000    4.9330    3.2953
Cr2             3.40857171    1.96793979    0.00000000    4.9325    3.2957
I1             -1.20700161    2.09058812    1.54465550    5.3507   -0.0989
I2             -2.20157010    3.81323127   -1.54465490    5.3507   -0.0993
I3              1.20700161    2.09058812   -1.54465490    5.3505   -0.0991
I4              2.20157010    3.81323127    1.54465550    5.3505   -0.0989
I5              2.41400322    0.00000000    1.54465550    5.3503   -0.0989
I6              4.40314020    0.00000000   -1.54465490    5.3502   -0.0990
Total                                                    41.9685    5.9970

==========================================================================================
Orbitals used in decomposition: 
The name of the orbitals for the decomposition: 
Cr1 : ['orb_1', 'orb_2', 'orb_3', 'orb_4', 'orb_5', 'orb_6']
Cr2 : ['orb_1', 'orb_2', 'orb_3', 'orb_4', 'orb_5', 'orb_6']

==========================================================================================
Exchange: 
    i      j          R        J_iso(meV)          vector          distance(A) 
----------------------------------------------------------------------------------------
   Cr1   Cr2   (  0,   1,   0)  2.8170   ( 0.000,  3.936,  0.000)  3.936 
J_iso:  2.8170 
Orbital contributions:
 isotropic J:
 [[ 0.015  0.212  0.06   0.     0.27  -0.   ]
 [ 0.213 -0.19   0.436 -0.     0.219 -0.   ]
 [ 0.071  0.552  0.94  -0.    -0.15  -0.   ]
 [ 0.    -0.     0.    -0.279 -0.    -0.546]
 [ 0.256  0.118  0.141  0.     1.433 -0.   ]
 [-0.    -0.    -0.    -0.485  0.    -0.469]] 
----------------------------------------------------------------------------------------
   Cr2   Cr1   (  0,  -1,   0)  2.8170   (-0.000, -3.936,  0.000)  3.936 
J_iso:  2.8170 
Orbital contributions:
 isotropic J:
 [[ 0.015  0.213  0.071  0.     0.256 -0.   ]
 [ 0.212 -0.19   0.552 -0.     0.118 -0.   ]
 [ 0.06   0.436  0.94   0.     0.141 -0.   ]
 [ 0.    -0.    -0.    -0.279  0.    -0.485]
 [ 0.27   0.219 -0.15  -0.     1.433  0.   ]
 [-0.    -0.    -0.    -0.546 -0.    -0.469]] 
----------------------------------------------------------------------------------------
   Cr1   Cr2   ( -1,   0,   0)  2.7943   (-3.409, -1.968,  0.000)  3.936 
J_iso:  2.7943 
Orbital contributions:
 isotropic J:
 [[ 0.016  0.214  0.017  0.053  0.062  0.19 ]
 [ 0.219 -0.206  0.142  0.39   0.024  0.107]
 [ 0.015  0.113 -0.141  0.175 -0.23  -0.105]
 [ 0.047  0.325  0.169  0.464 -0.106  0.084]
 [ 0.066  0.048 -0.156 -0.296 -0.159  0.177]
 [ 0.202  0.176 -0.299  0.044  0.152  0.8  ]] 
----------------------------------------------------------------------------------------
   Cr2   Cr1   (  1,   0,   0)  2.7943   ( 3.409,  1.968,  0.000)  3.936 
J_iso:  2.7943 
Orbital contributions:
 isotropic J:
 [[ 0.016  0.219  0.015  0.047  0.066  0.202]
 [ 0.214 -0.206  0.113  0.325  0.048  0.176]
 [ 0.017  0.142 -0.141  0.169 -0.156 -0.299]
 [ 0.053  0.39   0.175  0.464 -0.296  0.044]
 [ 0.062  0.024 -0.23  -0.106 -0.159  0.152]
 [ 0.19   0.107 -0.105  0.084  0.177  0.8  ]] 
----------------------------------------------------------------------------------------
   Cr1   Cr2   (  0,   0,   0)  2.7813   ( 3.409, -1.968,  0.000)  3.936 
J_iso:  2.7813 
Orbital contributions:
 isotropic J:
 [[ 0.016  0.212  0.017  0.055  0.065  0.196]
 [ 0.212 -0.191  0.141  0.404  0.029  0.091]
 [ 0.015  0.111 -0.142  0.169 -0.232 -0.106]
 [ 0.046  0.32   0.169  0.466 -0.11   0.087]
 [ 0.066  0.062 -0.158 -0.293 -0.161  0.154]
 [ 0.201  0.174 -0.301  0.046  0.164  0.788]] 
----------------------------------------------------------------------------------------
   Cr2   Cr1   (  0,   0,   0)  2.7813   (-3.409,  1.968,  0.000)  3.936 
J_iso:  2.7813 
Orbital contributions:
 isotropic J:
 [[ 0.016  0.212  0.015  0.046  0.066  0.201]
 [ 0.212 -0.191  0.111  0.32   0.062  0.174]
 [ 0.017  0.141 -0.142  0.169 -0.158 -0.301]
 [ 0.055  0.404  0.169  0.466 -0.293  0.046]
 [ 0.065  0.029 -0.232 -0.11  -0.161  0.164]
 [ 0.196  0.091 -0.106  0.087  0.154  0.788]] 
----------------------------------------------------------------------------------------
   Cr1   Cr1   (  0,  -1,   0)  0.5726   ( 3.409, -5.904,  0.000)  6.817 
J_iso:  0.5726 
Orbital contributions:
 isotropic J:
 [[-0.     0.     0.002  0.002  0.001  0.005]
 [-0.    -0.045 -0.    -0.032 -0.002  0.023]
 [ 0.    -0.018  0.006  0.172 -0.003 -0.012]
 [ 0.003 -0.002  0.038  0.196 -0.003  0.015]
 [ 0.002  0.012 -0.001  0.059  0.011 -0.06 ]
 [ 0.005 -0.004  0.004  0.033  0.022  0.145]] 
----------------------------------------------------------------------------------------
   Cr1   Cr1   (  0,   1,   0)  0.5726   (-3.409,  5.904,  0.000)  6.817 
J_iso:  0.5726 
Orbital contributions:
 isotropic J:
 [[-0.    -0.     0.     0.003  0.002  0.005]
 [ 0.    -0.045 -0.018 -0.002  0.012 -0.004]
 [ 0.002 -0.     0.006  0.038 -0.001  0.004]
 [ 0.002 -0.032  0.172  0.196  0.059  0.033]
 [ 0.001 -0.002 -0.003 -0.003  0.011  0.022]
 [ 0.005  0.023 -0.012  0.015 -0.06   0.145]] 
----------------------------------------------------------------------------------------
   Cr2   Cr2   (  0,   1,   0)  0.5674   (-3.409,  5.904,  0.000)  6.817 
J_iso:  0.5674 
Orbital contributions:
 isotropic J:
 [[-0.     0.     0.001  0.002  0.001  0.005]
 [-0.    -0.05  -0.001 -0.014 -0.004  0.009]
 [ 0.    -0.029  0.008  0.176 -0.008  0.051]
 [ 0.004 -0.006  0.035  0.196  0.001  0.048]
 [ 0.001  0.025  0.002 -0.009  0.01  -0.058]
 [ 0.004 -0.003 -0.004  0.01   0.024  0.137]] 
----------------------------------------------------------------------------------------
   Cr2   Cr2   (  0,  -1,   0)  0.5674   ( 3.409, -5.904,  0.000)  6.817 
J_iso:  0.5674 
Orbital contributions:
 isotropic J:
 [[-0.    -0.     0.     0.004  0.001  0.004]
 [ 0.    -0.05  -0.029 -0.006  0.025 -0.003]
 [ 0.001 -0.001  0.008  0.035  0.002 -0.004]
 [ 0.002 -0.014  0.176  0.196 -0.009  0.01 ]
 [ 0.001 -0.004 -0.008  0.001  0.01   0.024]
 [ 0.005  0.009  0.051  0.048 -0.058  0.137]] 
----------------------------------------------------------------------------------------
   Cr2   Cr2   (  1,   0,   0)  0.5888   ( 6.817,  0.000,  0.000)  6.817 
J_iso:  0.5888 
Orbital contributions:
 isotropic J:
 [[-0.    -0.     0.003  0.     0.006 -0.   ]
 [-0.    -0.043 -0.012 -0.007  0.003  0.005]
 [ 0.004 -0.016  0.39   0.009  0.086  0.01 ]
 [ 0.    -0.01   0.017  0.001  0.004 -0.008]
 [ 0.007  0.013  0.012 -0.001  0.214 -0.026]
 [-0.     0.01   0.    -0.014 -0.022 -0.045]] 
----------------------------------------------------------------------------------------
   Cr1   Cr1   ( -1,   0,   0)  0.5596   (-6.817,  0.000,  0.000)  6.817 
J_iso:  0.5596 
Orbital contributions:
 isotropic J:
 [[-0.    -0.     0.003  0.     0.005 -0.   ]
 [ 0.    -0.043 -0.022 -0.01   0.015  0.008]
 [ 0.003 -0.013  0.384  0.011  0.012 -0.001]
 [ 0.    -0.007  0.013 -0.    -0.002 -0.014]
 [ 0.006  0.001  0.085  0.003  0.209 -0.022]
 [-0.     0.006  0.01  -0.007 -0.029 -0.046]] 
----------------------------------------------------------------------------------------
   Cr2   Cr2   ( -1,   0,   0)  0.5888   (-6.817,  0.000,  0.000)  6.817 
J_iso:  0.5888 
Orbital contributions:
 isotropic J:
 [[-0.    -0.     0.004  0.     0.007 -0.   ]
 [-0.    -0.043 -0.016 -0.01   0.013  0.01 ]
 [ 0.003 -0.012  0.39   0.017  0.012  0.   ]
 [ 0.    -0.007  0.009  0.001 -0.001 -0.014]
 [ 0.006  0.003  0.086  0.004  0.214 -0.022]
 [-0.     0.005  0.01  -0.008 -0.026 -0.045]] 
----------------------------------------------------------------------------------------
   Cr1   Cr1   (  1,   0,   0)  0.5596   ( 6.817,  0.000,  0.000)  6.817 
J_iso:  0.5596 
Orbital contributions:
 isotropic J:
 [[-0.     0.     0.003  0.     0.006 -0.   ]
 [-0.    -0.043 -0.013 -0.007  0.001  0.006]
 [ 0.003 -0.022  0.384  0.013  0.085  0.01 ]
 [ 0.    -0.01   0.011 -0.     0.003 -0.007]
 [ 0.005  0.015  0.012 -0.002  0.209 -0.029]
 [-0.     0.008 -0.001 -0.014 -0.022 -0.046]] 
----------------------------------------------------------------------------------------
   Cr1   Cr1   ( -1,  -1,   0)  0.5676   (-3.409, -5.904,  0.000)  6.817 
J_iso:  0.5676 
Orbital contributions:
 isotropic J:
 [[-0.    -0.     0.002  0.002  0.002  0.004]
 [ 0.    -0.048 -0.001 -0.028 -0.002  0.025]
 [ 0.    -0.018  0.006  0.167 -0.003 -0.008]
 [ 0.003 -0.002  0.036  0.196 -0.003  0.013]
 [ 0.001  0.011 -0.002  0.056  0.011 -0.05 ]
 [ 0.004 -0.005  0.003  0.032  0.023  0.141]] 
----------------------------------------------------------------------------------------
   Cr2   Cr2   ( -1,  -1,   0)  0.5705   (-3.409, -5.904,  0.000)  6.817 
J_iso:  0.5705 
Orbital contributions:
 isotropic J:
 [[-0.    -0.     0.     0.003  0.002  0.004]
 [-0.    -0.044 -0.022 -0.004  0.025  0.   ]
 [ 0.002 -0.002  0.006  0.037  0.001 -0.003]
 [ 0.002 -0.017  0.17   0.186 -0.01   0.01 ]
 [ 0.002 -0.003 -0.009  0.002  0.009  0.024]
 [ 0.005  0.011  0.05   0.045 -0.052  0.14 ]] 
----------------------------------------------------------------------------------------
   Cr1   Cr1   (  1,   1,   0)  0.5676   ( 3.409,  5.904,  0.000)  6.817 
J_iso:  0.5676 
Orbital contributions:
 isotropic J:
 [[-0.     0.     0.     0.003  0.001  0.004]
 [-0.    -0.048 -0.018 -0.002  0.011 -0.005]
 [ 0.002 -0.001  0.006  0.036 -0.002  0.003]
 [ 0.002 -0.028  0.167  0.196  0.056  0.032]
 [ 0.002 -0.002 -0.003 -0.003  0.011  0.023]
 [ 0.004  0.025 -0.008  0.013 -0.05   0.141]] 
----------------------------------------------------------------------------------------
   Cr2   Cr2   (  1,   1,   0)  0.5705   ( 3.409,  5.904,  0.000)  6.817 
J_iso:  0.5705 
Orbital contributions:
 isotropic J:
 [[-0.    -0.     0.002  0.002  0.002  0.005]
 [-0.    -0.044 -0.002 -0.017 -0.003  0.011]
 [ 0.    -0.022  0.006  0.17  -0.009  0.05 ]
 [ 0.003 -0.004  0.037  0.186  0.002  0.045]
 [ 0.002  0.025  0.001 -0.01   0.009 -0.052]
 [ 0.004  0.    -0.003  0.01   0.024  0.14 ]] 
----------------------------------------------------------------------------------------
   Cr1   Cr2   ( -1,   1,   0)  0.0672   (-6.817,  3.936,  0.000)  7.872 
J_iso:  0.0672 
Orbital contributions:
 isotropic J:
 [[-0.     0.002  0.     0.001  0.001  0.003]
 [ 0.001  0.004 -0.     0.001 -0.     0.   ]
 [ 0.001  0.001  0.008 -0.009 -0.013  0.013]
 [ 0.001  0.001 -0.006  0.041  0.006 -0.01 ]
 [ 0.001 -0.    -0.003  0.011  0.011 -0.007]
 [ 0.002 -0.001  0.007 -0.001 -0.006  0.006]] 
----------------------------------------------------------------------------------------
   Cr2   Cr1   (  1,  -1,   0)  0.0672   ( 6.817, -3.936,  0.000)  7.872 
J_iso:  0.0672 
Orbital contributions:
 isotropic J:
 [[-0.     0.001  0.001  0.001  0.001  0.002]
 [ 0.002  0.004  0.001  0.001 -0.    -0.001]
 [ 0.    -0.     0.008 -0.006 -0.003  0.007]
 [ 0.001  0.001 -0.009  0.041  0.011 -0.001]
 [ 0.001 -0.    -0.013  0.006  0.011 -0.006]
 [ 0.003  0.     0.013 -0.01  -0.007  0.006]] 
----------------------------------------------------------------------------------------
   Cr1   Cr2   ( -1,  -1,   0)  0.0541   ( 0.000, -7.872,  0.000)  7.872 
J_iso:  0.0541 
Orbital contributions:
 isotropic J:
 [[-0.     0.001  0.001 -0.     0.004  0.   ]
 [ 0.001  0.001 -0.001 -0.    -0.001  0.   ]
 [ 0.002  0.001  0.052  0.    -0.006  0.   ]
 [ 0.     0.     0.    -0.023  0.    -0.001]
 [ 0.003 -0.001  0.005  0.     0.     0.   ]
 [ 0.    -0.    -0.     0.004 -0.     0.01 ]] 
----------------------------------------------------------------------------------------
   Cr2   Cr1   (  1,   1,   0)  0.0541   (-0.000,  7.872,  0.000)  7.872 
J_iso:  0.0541 
Orbital contributions:
 isotropic J:
 [[-0.     0.001  0.002  0.     0.003  0.   ]
 [ 0.001  0.001  0.001  0.    -0.001 -0.   ]
 [ 0.001 -0.001  0.052  0.     0.005 -0.   ]
 [-0.    -0.     0.    -0.023  0.     0.004]
 [ 0.004 -0.001 -0.006  0.     0.    -0.   ]
 [ 0.     0.     0.    -0.001  0.     0.01 ]] 
----------------------------------------------------------------------------------------
   Cr2   Cr1   ( -1,  -1,   0)  0.0659   (-6.817, -3.936,  0.000)  7.872 
J_iso:  0.0659 
Orbital contributions:
 isotropic J:
 [[-0.     0.002  0.     0.001  0.001  0.003]
 [ 0.001  0.004 -0.     0.001  0.    -0.   ]
 [ 0.001  0.001  0.003 -0.005 -0.009  0.005]
 [ 0.002  0.001 -0.005  0.041  0.005 -0.01 ]
 [ 0.001 -0.    -0.001  0.005  0.011 -0.006]
 [ 0.002 -0.001  0.006  0.    -0.005  0.012]] 
----------------------------------------------------------------------------------------
   Cr1   Cr2   (  1,   1,   0)  0.0659   ( 6.817,  3.936,  0.000)  7.872 
J_iso:  0.0659 
Orbital contributions:
 isotropic J:
 [[-0.     0.001  0.001  0.002  0.001  0.002]
 [ 0.002  0.004  0.001  0.001 -0.    -0.001]
 [ 0.    -0.     0.003 -0.005 -0.001  0.006]
 [ 0.001  0.001 -0.005  0.041  0.005  0.   ]
 [ 0.001  0.    -0.009  0.005  0.011 -0.005]
 [ 0.003 -0.     0.005 -0.01  -0.006  0.012]] 
----------------------------------------------------------------------------------------
   Cr2   Cr1   (  0,  -2,   0)  0.0309   ( 3.409, -9.840,  0.000) 10.413 
J_iso:  0.0309 
Orbital contributions:
 isotropic J:
 [[ 0.     0.001 -0.     0.002 -0.     0.   ]
 [ 0.001  0.001  0.003  0.001  0.    -0.004]
 [-0.     0.003 -0.001  0.005  0.    -0.002]
 [ 0.001  0.     0.004  0.009 -0.    -0.   ]
 [-0.     0.    -0.     0.001 -0.001  0.004]
 [ 0.    -0.002  0.002  0.001  0.002 -0.001]] 
----------------------------------------------------------------------------------------
   Cr1   Cr2   (  0,   2,   0)  0.0309   (-3.409,  9.840,  0.000) 10.413 
J_iso:  0.0309 
Orbital contributions:
 isotropic J:
 [[ 0.     0.001 -0.     0.001 -0.     0.   ]
 [ 0.001  0.001  0.003  0.     0.    -0.002]
 [-0.     0.003 -0.001  0.004 -0.     0.002]
 [ 0.002  0.001  0.005  0.009  0.001  0.001]
 [-0.     0.     0.    -0.    -0.001  0.002]
 [ 0.    -0.004 -0.002 -0.     0.004 -0.001]] 
----------------------------------------------------------------------------------------
   Cr1   Cr2   ( -2,   0,   0)  0.0276   (-10.226, -1.968,  0.000) 10.413 
J_iso:  0.0276 
Orbital contributions:
 isotropic J:
 [[ 0.     0.001  0.001  0.     0.    -0.   ]
 [ 0.001 -0.001  0.004 -0.    -0.001 -0.002]
 [ 0.001  0.002  0.017  0.    -0.004  0.002]
 [ 0.     0.    -0.     0.001 -0.    -0.001]
 [ 0.001 -0.     0.    -0.     0.008 -0.003]
 [-0.    -0.002  0.002 -0.    -0.001  0.002]] 
----------------------------------------------------------------------------------------
   Cr2   Cr1   (  2,   0,   0)  0.0276   (10.226,  1.968,  0.000) 10.413 
J_iso:  0.0276 
Orbital contributions:
 isotropic J:
 [[ 0.     0.001  0.001  0.     0.001 -0.   ]
 [ 0.001 -0.001  0.002  0.    -0.    -0.002]
 [ 0.001  0.004  0.017 -0.     0.     0.002]
 [ 0.    -0.     0.     0.001 -0.    -0.   ]
 [ 0.    -0.001 -0.004 -0.     0.008 -0.001]
 [-0.    -0.002  0.002 -0.001 -0.003  0.002]] 
----------------------------------------------------------------------------------------
   Cr2   Cr1   ( -1,  -2,   0)  0.0267   (-3.409, -9.840,  0.000) 10.413 
J_iso:  0.0267 
Orbital contributions:
 isotropic J:
 [[ 0.     0.001  0.     0.001 -0.     0.   ]
 [ 0.001  0.     0.002  0.001  0.    -0.003]
 [-0.     0.002 -0.001  0.004  0.    -0.001]
 [ 0.001  0.     0.004  0.008 -0.    -0.001]
 [-0.     0.    -0.     0.001 -0.001  0.004]
 [ 0.001 -0.002  0.001  0.     0.001 -0.001]] 
----------------------------------------------------------------------------------------
   Cr1   Cr2   (  1,   2,   0)  0.0267   ( 3.409,  9.840,  0.000) 10.413 
J_iso:  0.0267 
Orbital contributions:
 isotropic J:
 [[ 0.     0.001 -0.     0.001 -0.     0.001]
 [ 0.001  0.     0.002  0.     0.    -0.002]
 [ 0.     0.002 -0.001  0.004 -0.     0.001]
 [ 0.001  0.001  0.004  0.008  0.001  0.   ]
 [-0.     0.     0.    -0.    -0.001  0.001]
 [ 0.    -0.003 -0.001 -0.001  0.004 -0.001]] 
----------------------------------------------------------------------------------------
   Cr1   Cr2   ( -2,  -1,   0)  0.0338   (-6.817, -7.872,  0.000) 10.413 
J_iso:  0.0338 
Orbital contributions:
 isotropic J:
 [[ 0.     0.001  0.001  0.001  0.     0.   ]
 [ 0.001  0.    -0.     0.004 -0.002  0.001]
 [ 0.001 -0.     0.     0.004  0.    -0.001]
 [ 0.001  0.003  0.006  0.006  0.    -0.001]
 [ 0.    -0.001 -0.     0.002 -0.004  0.003]
 [ 0.     0.002  0.     0.     0.002  0.005]] 
----------------------------------------------------------------------------------------
   Cr2   Cr1   (  2,   1,   0)  0.0338   ( 6.817,  7.872,  0.000) 10.413 
J_iso:  0.0338 
Orbital contributions:
 isotropic J:
 [[ 0.     0.001  0.001  0.001  0.     0.   ]
 [ 0.001  0.    -0.     0.003 -0.001  0.002]
 [ 0.001 -0.     0.     0.006 -0.     0.   ]
 [ 0.001  0.004  0.004  0.006  0.002  0.   ]
 [ 0.    -0.002  0.     0.    -0.004  0.002]
 [ 0.     0.001 -0.001 -0.001  0.003  0.005]] 
----------------------------------------------------------------------------------------
   Cr1   Cr2   (  0,  -1,   0)  0.0288   ( 6.817, -7.872,  0.000) 10.413 
J_iso:  0.0288 
Orbital contributions:
 isotropic J:
 [[ 0.     0.001  0.001  0.     0.     0.   ]
 [ 0.001  0.001 -0.     0.005 -0.004  0.001]
 [ 0.001 -0.001  0.     0.005  0.    -0.001]
 [ 0.     0.003  0.007  0.006  0.    -0.002]
 [ 0.    -0.004  0.     0.002 -0.003  0.002]
 [ 0.     0.001 -0.    -0.     0.002  0.003]] 
----------------------------------------------------------------------------------------
   Cr2   Cr1   (  0,   1,   0)  0.0288   (-6.817,  7.872,  0.000) 10.413 
J_iso:  0.0288 
Orbital contributions:
 isotropic J:
 [[ 0.     0.001  0.001  0.     0.     0.   ]
 [ 0.001  0.001 -0.001  0.003 -0.004  0.001]
 [ 0.001 -0.     0.     0.007  0.    -0.   ]
 [ 0.     0.005  0.005  0.006  0.002 -0.   ]
 [ 0.    -0.004  0.     0.    -0.003  0.002]
 [ 0.     0.001 -0.001 -0.002  0.002  0.003]] 
----------------------------------------------------------------------------------------
   Cr2   Cr1   ( -1,   0,   0)  0.0257   (-10.226,  1.968,  0.000) 10.413 
J_iso:  0.0257 
Orbital contributions:
 isotropic J:
 [[ 0.     0.001  0.001  0.     0.    -0.   ]
 [ 0.001 -0.     0.003 -0.     0.    -0.003]
 [ 0.001  0.001  0.018 -0.    -0.004  0.002]
 [ 0.     0.    -0.001  0.     0.    -0.001]
 [ 0.    -0.     0.001  0.001  0.008 -0.004]
 [ 0.    -0.003  0.002 -0.    -0.002  0.001]] 
----------------------------------------------------------------------------------------
   Cr1   Cr2   (  1,   0,   0)  0.0257   (10.226, -1.968,  0.000) 10.413 
J_iso:  0.0257 
Orbital contributions:
 isotropic J:
 [[ 0.     0.001  0.001  0.     0.     0.   ]
 [ 0.001 -0.     0.001  0.    -0.    -0.003]
 [ 0.001  0.003  0.018 -0.001  0.001  0.002]
 [ 0.    -0.    -0.     0.     0.001 -0.   ]
 [ 0.     0.    -0.004  0.     0.008 -0.002]
 [-0.    -0.003  0.002 -0.001 -0.004  0.001]] 
----------------------------------------------------------------------------------------
   Cr1   Cr1   ( -1,   1,   0) -0.0207   (-10.226,  5.904,  0.000) 11.808 
J_iso: -0.0207 
Orbital contributions:
 isotropic J:
 [[-0.     0.    -0.    -0.    -0.    -0.   ]
 [-0.    -0.001  0.    -0.    -0.    -0.001]
 [-0.    -0.    -0.002 -0.003 -0.001  0.001]
 [-0.    -0.001 -0.002  0.     0.     0.   ]
 [-0.    -0.001 -0.003  0.001 -0.001 -0.001]
 [-0.    -0.003  0.001 -0.    -0.001  0.   ]] 
----------------------------------------------------------------------------------------
   Cr2   Cr2   ( -1,   1,   0) -0.0197   (-10.226,  5.904,  0.000) 11.808 
J_iso: -0.0197 
Orbital contributions:
 isotropic J:
 [[-0.    -0.    -0.    -0.    -0.    -0.   ]
 [ 0.    -0.002 -0.    -0.001 -0.001 -0.003]
 [-0.     0.    -0.003 -0.003 -0.002  0.002]
 [-0.    -0.    -0.002  0.001  0.001 -0.   ]
 [-0.    -0.    -0.001  0.    -0.001 -0.002]
 [-0.    -0.001 -0.001 -0.    -0.     0.   ]] 
----------------------------------------------------------------------------------------
   Cr2   Cr2   (  1,  -1,   0) -0.0197   (10.226, -5.904,  0.000) 11.808 
J_iso: -0.0197 
Orbital contributions:
 isotropic J:
 [[-0.     0.    -0.    -0.    -0.    -0.   ]
 [-0.    -0.002  0.    -0.    -0.    -0.001]
 [-0.    -0.    -0.003 -0.002 -0.001 -0.001]
 [-0.    -0.001 -0.003  0.001  0.    -0.   ]
 [-0.    -0.001 -0.002  0.001 -0.001 -0.   ]
 [-0.    -0.003  0.002 -0.    -0.002  0.   ]] 
----------------------------------------------------------------------------------------
   Cr1   Cr1   (  1,  -1,   0) -0.0207   (10.226, -5.904,  0.000) 11.808 
J_iso: -0.0207 
Orbital contributions:
 isotropic J:
 [[-0.    -0.    -0.    -0.    -0.    -0.   ]
 [ 0.    -0.001 -0.    -0.001 -0.001 -0.003]
 [-0.     0.    -0.002 -0.002 -0.003  0.001]
 [-0.    -0.    -0.003  0.     0.001 -0.   ]
 [-0.    -0.    -0.001  0.    -0.001 -0.001]
 [-0.    -0.001  0.001  0.    -0.001  0.   ]] 
----------------------------------------------------------------------------------------
   Cr1   Cr1   ( -1,  -2,   0) -0.0230   (-0.000, -11.808,  0.000) 11.808 
J_iso: -0.0230 
Orbital contributions:
 isotropic J:
 [[-0.     0.    -0.     0.    -0.     0.   ]
 [ 0.    -0.002 -0.    -0.    -0.001 -0.   ]
 [-0.    -0.002 -0.    -0.     0.    -0.   ]
 [ 0.    -0.     0.    -0.007  0.    -0.001]
 [-0.    -0.005 -0.    -0.     0.001 -0.   ]
 [ 0.     0.    -0.    -0.003 -0.    -0.003]] 
----------------------------------------------------------------------------------------
   Cr2   Cr2   ( -1,  -2,   0) -0.0237   (-0.000, -11.808,  0.000) 11.808 
J_iso: -0.0237 
Orbital contributions:
 isotropic J:
 [[-0.    -0.    -0.     0.    -0.    -0.   ]
 [ 0.    -0.002 -0.001  0.    -0.005 -0.   ]
 [-0.     0.    -0.001 -0.    -0.    -0.   ]
 [-0.    -0.    -0.    -0.007  0.    -0.002]
 [-0.    -0.002 -0.    -0.     0.002 -0.   ]
 [ 0.    -0.     0.    -0.002  0.    -0.003]] 
----------------------------------------------------------------------------------------
   Cr1   Cr1   (  1,   2,   0) -0.0230   ( 0.000, 11.808,  0.000) 11.808 
J_iso: -0.0230 
Orbital contributions:
 isotropic J:
 [[-0.     0.    -0.     0.    -0.     0.   ]
 [ 0.    -0.002 -0.002 -0.    -0.005  0.   ]
 [-0.    -0.    -0.     0.    -0.    -0.   ]
 [ 0.    -0.    -0.    -0.007 -0.    -0.003]
 [-0.    -0.001  0.     0.     0.001 -0.   ]
 [ 0.    -0.    -0.    -0.001 -0.    -0.003]] 
----------------------------------------------------------------------------------------
   Cr2   Cr2   (  1,   2,   0) -0.0237   ( 0.000, 11.808,  0.000) 11.808 
J_iso: -0.0237 
Orbital contributions:
 isotropic J:
 [[-0.     0.    -0.    -0.    -0.     0.   ]
 [-0.    -0.002  0.    -0.    -0.002 -0.   ]
 [-0.    -0.001 -0.001 -0.    -0.     0.   ]
 [ 0.     0.    -0.    -0.007 -0.    -0.002]
 [-0.    -0.005 -0.     0.     0.002  0.   ]
 [-0.    -0.    -0.    -0.002 -0.    -0.003]] 
----------------------------------------------------------------------------------------
   Cr1   Cr1   ( -2,  -1,   0) -0.0251   (-10.226, -5.904,  0.000) 11.808 
J_iso: -0.0251 
Orbital contributions:
 isotropic J:
 [[-0.    -0.    -0.    -0.    -0.    -0.   ]
 [ 0.    -0.002 -0.001 -0.001 -0.002 -0.004]
 [-0.     0.    -0.004 -0.001 -0.     0.   ]
 [-0.     0.    -0.001  0.    -0.001 -0.   ]
 [-0.    -0.001 -0.001 -0.002 -0.002  0.   ]
 [-0.    -0.001 -0.002 -0.     0.001  0.   ]] 
----------------------------------------------------------------------------------------
   Cr2   Cr2   ( -2,  -1,   0) -0.0217   (-10.226, -5.904,  0.000) 11.808 
J_iso: -0.0217 
Orbital contributions:
 isotropic J:
 [[-0.     0.    -0.    -0.    -0.    -0.   ]
 [-0.    -0.002  0.     0.    -0.    -0.001]
 [-0.    -0.001 -0.003 -0.002 -0.    -0.   ]
 [-0.    -0.001 -0.001 -0.    -0.001  0.001]
 [-0.    -0.001 -0.001 -0.    -0.002 -0.001]
 [-0.    -0.003 -0.001 -0.     0.001  0.001]] 
----------------------------------------------------------------------------------------
   Cr1   Cr1   (  2,   1,   0) -0.0251   (10.226,  5.904,  0.000) 11.808 
J_iso: -0.0251 
Orbital contributions:
 isotropic J:
 [[-0.     0.    -0.    -0.    -0.    -0.   ]
 [-0.    -0.002  0.     0.    -0.001 -0.001]
 [-0.    -0.001 -0.004 -0.001 -0.001 -0.002]
 [-0.    -0.001 -0.001  0.    -0.002 -0.   ]
 [-0.    -0.002 -0.    -0.001 -0.002  0.001]
 [-0.    -0.004  0.    -0.     0.     0.   ]] 
----------------------------------------------------------------------------------------
   Cr2   Cr2   (  2,   1,   0) -0.0217   (10.226,  5.904,  0.000) 11.808 
J_iso: -0.0217 
Orbital contributions:
 isotropic J:
 [[-0.    -0.    -0.    -0.    -0.    -0.   ]
 [ 0.    -0.002 -0.001 -0.001 -0.001 -0.003]
 [-0.     0.    -0.003 -0.001 -0.001 -0.001]
 [-0.     0.    -0.002 -0.    -0.    -0.   ]
 [-0.    -0.    -0.    -0.001 -0.002  0.001]
 [-0.    -0.001 -0.     0.001 -0.001  0.001]] 
----------------------------------------------------------------------------------------
   Cr1   Cr1   (  0,  -2,   0) -0.0065   ( 6.817, -11.808,  0.000) 13.634 
J_iso: -0.0065 
Orbital contributions:
 isotropic J:
 [[-0.     0.    -0.     0.     0.     0.   ]
 [ 0.    -0.    -0.    -0.    -0.     0.   ]
 [ 0.    -0.     0.     0.001  0.    -0.001]
 [-0.    -0.001 -0.001 -0.001 -0.    -0.001]
 [ 0.     0.    -0.    -0.     0.    -0.   ]
 [ 0.    -0.     0.    -0.001 -0.001 -0.   ]] 
----------------------------------------------------------------------------------------
   Cr2   Cr2   (  0,  -2,   0) -0.0073   ( 6.817, -11.808,  0.000) 13.634 
J_iso: -0.0073 
Orbital contributions:
 isotropic J:
 [[ 0.     0.     0.     0.     0.     0.   ]
 [ 0.    -0.001 -0.    -0.001  0.    -0.   ]
 [-0.    -0.     0.    -0.001 -0.    -0.   ]
 [ 0.    -0.     0.001 -0.    -0.001 -0.001]
 [ 0.    -0.     0.    -0.    -0.    -0.001]
 [ 0.     0.    -0.    -0.001  0.    -0.001]] 
----------------------------------------------------------------------------------------
   Cr1   Cr1   (  0,   2,   0) -0.0065   (-6.817, 11.808,  0.000) 13.634 
J_iso: -0.0065 
Orbital contributions:
 isotropic J:
 [[-0.     0.     0.    -0.     0.     0.   ]
 [ 0.    -0.    -0.    -0.001  0.    -0.   ]
 [-0.    -0.     0.    -0.001 -0.     0.   ]
 [ 0.    -0.     0.001 -0.001 -0.    -0.001]
 [ 0.    -0.     0.    -0.     0.    -0.001]
 [ 0.     0.    -0.001 -0.001 -0.    -0.   ]] 
----------------------------------------------------------------------------------------
   Cr2   Cr2   (  0,   2,   0) -0.0073   (-6.817, 11.808,  0.000) 13.634 
J_iso: -0.0073 
Orbital contributions:
 isotropic J:
 [[ 0.     0.    -0.     0.     0.     0.   ]
 [ 0.    -0.001 -0.    -0.    -0.     0.   ]
 [ 0.    -0.     0.     0.001  0.    -0.   ]
 [ 0.    -0.001 -0.001 -0.    -0.    -0.001]
 [ 0.     0.    -0.    -0.001 -0.     0.   ]
 [ 0.    -0.    -0.    -0.001 -0.001 -0.001]] 
----------------------------------------------------------------------------------------
   Cr1   Cr1   ( -2,   0,   0) -0.0068   (-13.634,  0.000,  0.000) 13.634 
J_iso: -0.0068 
Orbital contributions:
 isotropic J:
 [[-0.     0.     0.     0.     0.     0.   ]
 [ 0.    -0.001 -0.001 -0.    -0.     0.   ]
 [ 0.    -0.    -0.    -0.001 -0.002 -0.   ]
 [-0.    -0.     0.     0.    -0.    -0.   ]
 [ 0.    -0.    -0.001  0.    -0.    -0.   ]
 [ 0.     0.    -0.     0.     0.    -0.   ]] 
----------------------------------------------------------------------------------------
   Cr2   Cr2   ( -2,   0,   0) -0.0088   (-13.634,  0.000,  0.000) 13.634 
J_iso: -0.0088 
Orbital contributions:
 isotropic J:
 [[-0.     0.    -0.    -0.    -0.     0.   ]
 [ 0.    -0.001 -0.001 -0.    -0.    -0.   ]
 [ 0.    -0.001 -0.     0.    -0.002 -0.001]
 [-0.    -0.    -0.001  0.     0.    -0.   ]
 [-0.    -0.    -0.001 -0.    -0.001 -0.   ]
 [ 0.     0.    -0.    -0.    -0.    -0.   ]] 
----------------------------------------------------------------------------------------
   Cr2   Cr2   (  2,   0,   0) -0.0088   (13.634,  0.000,  0.000) 13.634 
J_iso: -0.0088 
Orbital contributions:
 isotropic J:
 [[-0.     0.     0.    -0.    -0.     0.   ]
 [ 0.    -0.001 -0.001 -0.    -0.     0.   ]
 [-0.    -0.001 -0.    -0.001 -0.001 -0.   ]
 [-0.    -0.     0.     0.    -0.    -0.   ]
 [-0.    -0.    -0.002  0.    -0.001 -0.   ]
 [ 0.    -0.    -0.001 -0.    -0.    -0.   ]] 
----------------------------------------------------------------------------------------
   Cr1   Cr1   (  2,   0,   0) -0.0068   (13.634,  0.000,  0.000) 13.634 
J_iso: -0.0068 
Orbital contributions:
 isotropic J:
 [[-0.     0.     0.    -0.     0.     0.   ]
 [ 0.    -0.001 -0.    -0.    -0.     0.   ]
 [ 0.    -0.001 -0.     0.    -0.001 -0.   ]
 [ 0.    -0.    -0.001  0.     0.     0.   ]
 [ 0.    -0.    -0.002 -0.    -0.     0.   ]
 [ 0.     0.    -0.    -0.    -0.    -0.   ]] 
----------------------------------------------------------------------------------------
   Cr2   Cr2   (  2,   2,   0) -0.0047   ( 6.817, 11.808,  0.000) 13.634 
J_iso: -0.0047 
Orbital contributions:
 isotropic J:
 [[-0.     0.    -0.     0.     0.     0.   ]
 [ 0.    -0.    -0.    -0.    -0.     0.   ]
 [ 0.    -0.     0.     0.001  0.    -0.   ]
 [-0.    -0.001 -0.001 -0.    -0.    -0.   ]
 [ 0.     0.    -0.    -0.001 -0.     0.   ]
 [ 0.    -0.    -0.    -0.    -0.    -0.   ]] 
----------------------------------------------------------------------------------------
   Cr1   Cr1   ( -2,  -2,   0) -0.0068   (-6.817, -11.808,  0.000) 13.634 
J_iso: -0.0068 
Orbital contributions:
 isotropic J:
 [[ 0.     0.    -0.     0.     0.     0.   ]
 [ 0.    -0.    -0.    -0.    -0.     0.   ]
 [ 0.    -0.     0.     0.001  0.    -0.001]
 [-0.    -0.001 -0.001 -0.    -0.001 -0.001]
 [ 0.     0.    -0.    -0.     0.     0.   ]
 [ 0.    -0.    -0.    -0.    -0.001 -0.   ]] 
----------------------------------------------------------------------------------------
   Cr2   Cr2   ( -2,  -2,   0) -0.0047   (-6.817, -11.808,  0.000) 13.634 
J_iso: -0.0047 
Orbital contributions:
 isotropic J:
 [[-0.     0.     0.    -0.     0.     0.   ]
 [ 0.    -0.    -0.    -0.001  0.    -0.   ]
 [-0.    -0.     0.    -0.001 -0.    -0.   ]
 [ 0.    -0.     0.001 -0.    -0.001 -0.   ]
 [ 0.    -0.     0.    -0.    -0.    -0.   ]
 [ 0.     0.    -0.    -0.     0.    -0.   ]] 
----------------------------------------------------------------------------------------
   Cr1   Cr1   (  2,   2,   0) -0.0068   ( 6.817, 11.808,  0.000) 13.634 
J_iso: -0.0068 
Orbital contributions:
 isotropic J:
 [[ 0.     0.     0.    -0.     0.     0.   ]
 [ 0.    -0.    -0.    -0.001  0.    -0.   ]
 [-0.    -0.     0.    -0.001 -0.    -0.   ]
 [ 0.    -0.     0.001 -0.    -0.    -0.   ]
 [ 0.    -0.     0.    -0.001  0.    -0.001]
 [ 0.     0.    -0.001 -0.001  0.    -0.   ]] 
----------------------------------------------------------------------------------------
   Cr1   Cr2   ( -1,   2,   0) -0.0011   (-10.226,  9.840,  0.000) 14.191 
J_iso: -0.0011 
Orbital contributions:
 isotropic J:
 [[-0.     0.     0.    -0.     0.     0.   ]
 [ 0.    -0.    -0.    -0.    -0.    -0.   ]
 [ 0.    -0.     0.001 -0.     0.    -0.   ]
 [-0.    -0.    -0.    -0.    -0.    -0.   ]
 [ 0.     0.     0.    -0.     0.001 -0.   ]
 [ 0.    -0.    -0.    -0.    -0.    -0.   ]] 
----------------------------------------------------------------------------------------
   Cr2   Cr1   (  1,  -2,   0) -0.0011   (10.226, -9.840,  0.000) 14.191 
J_iso: -0.0011 
Orbital contributions:
 isotropic J:
 [[-0.     0.     0.    -0.     0.     0.   ]
 [ 0.    -0.    -0.    -0.     0.    -0.   ]
 [ 0.    -0.     0.001 -0.     0.    -0.   ]
 [-0.    -0.    -0.    -0.    -0.    -0.   ]
 [ 0.    -0.     0.    -0.     0.001 -0.   ]
 [ 0.    -0.    -0.    -0.    -0.    -0.   ]] 
----------------------------------------------------------------------------------------
   Cr2   Cr1   (  2,  -1,   0) -0.0003   (13.634, -3.936,  0.000) 14.191 
J_iso: -0.0003 
Orbital contributions:
 isotropic J:
 [[ 0.    -0.     0.     0.     0.     0.   ]
 [ 0.    -0.     0.     0.    -0.    -0.   ]
 [ 0.    -0.    -0.001  0.001 -0.001  0.   ]
 [ 0.     0.     0.     0.     0.001  0.   ]
 [ 0.     0.    -0.001  0.     0.     0.   ]
 [ 0.    -0.    -0.    -0.    -0.    -0.   ]] 
----------------------------------------------------------------------------------------
   Cr1   Cr2   ( -2,   1,   0) -0.0003   (-13.634,  3.936,  0.000) 14.191 
J_iso: -0.0003 
Orbital contributions:
 isotropic J:
 [[ 0.     0.     0.     0.     0.     0.   ]
 [-0.    -0.    -0.     0.     0.    -0.   ]
 [ 0.     0.    -0.001  0.    -0.001 -0.   ]
 [ 0.     0.     0.001  0.     0.    -0.   ]
 [ 0.    -0.    -0.001  0.001  0.    -0.   ]
 [ 0.    -0.     0.     0.     0.    -0.   ]] 
----------------------------------------------------------------------------------------
   Cr1   Cr2   ( -1,  -2,   0) -0.0023   ( 3.409, -13.776,  0.000) 14.191 
J_iso: -0.0023 
Orbital contributions:
 isotropic J:
 [[ 0.    -0.    -0.     0.    -0.     0.   ]
 [-0.    -0.    -0.     0.    -0.001  0.   ]
 [ 0.     0.    -0.     0.    -0.    -0.   ]
 [ 0.     0.     0.     0.    -0.    -0.   ]
 [ 0.    -0.    -0.    -0.    -0.    -0.   ]
 [ 0.     0.    -0.    -0.     0.    -0.   ]] 
----------------------------------------------------------------------------------------
   Cr2   Cr1   (  1,   2,   0) -0.0023   (-3.409, 13.776,  0.000) 14.191 
J_iso: -0.0023 
Orbital contributions:
 isotropic J:
 [[ 0.    -0.     0.     0.     0.     0.   ]
 [-0.    -0.     0.     0.    -0.     0.   ]
 [-0.    -0.    -0.     0.    -0.    -0.   ]
 [ 0.     0.     0.     0.    -0.    -0.   ]
 [-0.    -0.001 -0.    -0.    -0.     0.   ]
 [ 0.     0.    -0.    -0.    -0.    -0.   ]] 
----------------------------------------------------------------------------------------
   Cr1   Cr2   ( -2,  -2,   0) -0.0021   (-3.409, -13.776,  0.000) 14.191 
J_iso: -0.0021 
Orbital contributions:
 isotropic J:
 [[-0.     0.    -0.     0.    -0.     0.   ]
 [ 0.    -0.    -0.    -0.    -0.     0.   ]
 [-0.    -0.    -0.     0.    -0.     0.   ]
 [ 0.     0.     0.     0.    -0.    -0.   ]
 [ 0.    -0.    -0.    -0.    -0.     0.   ]
 [ 0.     0.    -0.    -0.001 -0.     0.001]] 
----------------------------------------------------------------------------------------
   Cr2   Cr1   (  2,   2,   0) -0.0021   ( 3.409, 13.776,  0.000) 14.191 
J_iso: -0.0021 
Orbital contributions:
 isotropic J:
 [[-0.     0.    -0.     0.     0.     0.   ]
 [ 0.    -0.    -0.     0.    -0.     0.   ]
 [-0.    -0.    -0.     0.    -0.    -0.   ]
 [ 0.    -0.     0.     0.    -0.    -0.001]
 [-0.    -0.    -0.    -0.    -0.    -0.   ]
 [ 0.     0.     0.    -0.     0.     0.001]] 
----------------------------------------------------------------------------------------
   Cr2   Cr1   ( -2,  -2,   0) -0.0006   (-10.226, -9.840,  0.000) 14.191 
J_iso: -0.0006 
Orbital contributions:
 isotropic J:
 [[-0.     0.     0.     0.     0.     0.   ]
 [-0.    -0.     0.    -0.    -0.    -0.   ]
 [ 0.     0.     0.001 -0.     0.    -0.   ]
 [ 0.    -0.    -0.001 -0.    -0.001 -0.   ]
 [ 0.     0.     0.    -0.     0.    -0.   ]
 [ 0.    -0.    -0.001 -0.    -0.     0.   ]] 
----------------------------------------------------------------------------------------
   Cr1   Cr2   (  2,   2,   0) -0.0006   (10.226,  9.840,  0.000) 14.191 
J_iso: -0.0006 
Orbital contributions:
 isotropic J:
 [[-0.    -0.     0.     0.     0.     0.   ]
 [ 0.    -0.     0.    -0.     0.    -0.   ]
 [ 0.     0.     0.001 -0.001  0.    -0.001]
 [ 0.    -0.    -0.    -0.    -0.    -0.   ]
 [ 0.    -0.     0.    -0.001  0.    -0.   ]
 [ 0.    -0.    -0.    -0.    -0.     0.   ]] 
----------------------------------------------------------------------------------------
   Cr2   Cr1   ( -2,  -1,   0) -0.0026   (-13.634, -3.936,  0.000) 14.191 
J_iso: -0.0026 
Orbital contributions:
 isotropic J:
 [[-0.     0.     0.     0.     0.     0.   ]
 [-0.    -0.     0.     0.    -0.    -0.001]
 [ 0.     0.    -0.001 -0.    -0.001 -0.   ]
 [ 0.     0.    -0.     0.    -0.001 -0.   ]
 [ 0.     0.    -0.001 -0.     0.     0.   ]
 [ 0.    -0.    -0.     0.     0.001 -0.   ]] 
----------------------------------------------------------------------------------------
   Cr1   Cr2   (  2,   1,   0) -0.0026   (13.634,  3.936,  0.000) 14.191 
J_iso: -0.0026 
Orbital contributions:
 isotropic J:
 [[-0.    -0.     0.     0.     0.     0.   ]
 [ 0.    -0.     0.     0.     0.    -0.   ]
 [ 0.     0.    -0.001 -0.    -0.001 -0.   ]
 [ 0.     0.    -0.     0.    -0.     0.   ]
 [ 0.    -0.    -0.001 -0.001  0.     0.001]
 [ 0.    -0.001 -0.    -0.     0.    -0.   ]] 
----------------------------------------------------------------------------------------
   Cr2   Cr1   ( -1,  -3,   0) -0.0010   (-0.000, -15.744,  0.000) 15.744 
J_iso: -0.0010 
Orbital contributions:
 isotropic J:
 [[-0.    -0.     0.     0.     0.    -0.   ]
 [-0.     0.     0.    -0.     0.    -0.   ]
 [ 0.     0.    -0.    -0.    -0.001 -0.   ]
 [ 0.     0.    -0.    -0.001 -0.     0.   ]
 [ 0.     0.    -0.     0.     0.    -0.   ]
 [ 0.    -0.    -0.    -0.     0.     0.   ]] 
----------------------------------------------------------------------------------------
   Cr1   Cr2   (  1,   3,   0) -0.0010   ( 0.000, 15.744,  0.000) 15.744 
J_iso: -0.0010 
Orbital contributions:
 isotropic J:
 [[-0.    -0.     0.     0.     0.     0.   ]
 [-0.     0.     0.     0.     0.    -0.   ]
 [ 0.     0.    -0.    -0.    -0.    -0.   ]
 [ 0.    -0.    -0.    -0.001  0.    -0.   ]
 [ 0.     0.    -0.001 -0.     0.     0.   ]
 [-0.    -0.    -0.     0.    -0.     0.   ]] 
----------------------------------------------------------------------------------------
   Cr2   Cr1   (  3,   1,   0) -0.0001   (13.634,  7.872,  0.000) 15.744 
J_iso: -0.0001 
Orbital contributions:
 isotropic J:
 [[-0.    -0.     0.     0.     0.     0.   ]
 [-0.    -0.    -0.     0.     0.     0.   ]
 [ 0.    -0.    -0.001 -0.    -0.    -0.001]
 [ 0.     0.    -0.    -0.    -0.    -0.   ]
 [ 0.     0.     0.    -0.     0.     0.001]
 [ 0.     0.    -0.    -0.     0.     0.   ]] 
----------------------------------------------------------------------------------------
   Cr1   Cr2   ( -3,  -1,   0) -0.0001   (-13.634, -7.872,  0.000) 15.744 
J_iso: -0.0001 
Orbital contributions:
 isotropic J:
 [[-0.    -0.     0.     0.     0.     0.   ]
 [-0.    -0.    -0.     0.     0.     0.   ]
 [ 0.    -0.    -0.001 -0.     0.    -0.   ]
 [ 0.     0.    -0.    -0.    -0.    -0.   ]
 [ 0.     0.    -0.    -0.     0.     0.   ]
 [ 0.     0.    -0.001 -0.     0.001  0.   ]] 
----------------------------------------------------------------------------------------
   Cr2   Cr1   ( -1,   1,   0)  0.0005   (-13.634,  7.872,  0.000) 15.744 
J_iso:  0.0005 
Orbital contributions:
 isotropic J:
 [[-0.  0.  0.  0.  0.  0.]
 [-0.  0.  0.  0. -0. -0.]
 [ 0.  0. -0. -0. -0.  0.]
 [ 0.  0. -0. -0.  0. -0.]
 [ 0. -0. -0. -0.  0.  0.]
 [ 0.  0. -0. -0.  0. -0.]] 
----------------------------------------------------------------------------------------
   Cr1   Cr2   (  1,  -1,   0)  0.0005   (13.634, -7.872,  0.000) 15.744 
J_iso:  0.0005 
Orbital contributions:
 isotropic J:
 [[-0. -0.  0.  0.  0.  0.]
 [ 0.  0.  0.  0. -0.  0.]
 [ 0.  0. -0. -0. -0. -0.]
 [ 0.  0. -0. -0. -0. -0.]
 [ 0. -0. -0.  0.  0.  0.]
 [ 0. -0.  0. -0.  0. -0.]] 
