==========================================================================================
Information: 
Exchange parameters generated by TB2J 0.8.2.1
Generation time: 24/04/08 17:10:47
 Input from collinear Wannier90 data.
 Tight binding data from ./. 
 Prefix of wannier function files:FeO_up and FeO_down.
Warning: Please check if the noise level of Wannier function Hamiltonian to make sure it is much smaller than the exchange values.

==========================================================================================
Cell (Angstrom):
2.16698067  2.16698067  4.33396134
2.16698067  4.33396134  2.16698067
4.33396134  2.16698067  2.16698067

==========================================================================================
Atoms:  
(Note: charge and magmoms only count the wannier functions.)
Atom number        x             y             z       w_charge  w_magmom 
O1              2.16698067    2.16698067    2.16698067    5.4800   -0.0043
O2              6.50094200    6.50094200    6.50094200    5.4807   -0.0100
Fe1             0.00000000    0.00000000    0.00000000    6.5079    3.6483
Fe2             4.33396134    4.33396134    4.33396134    6.5131   -3.6340
Total                                                    23.9816    0.0000

==========================================================================================
Orbitals used in decomposition: 
The name of the orbitals for the decomposition: 
Fe1 : ['orb_1', 'orb_2', 'orb_3', 'orb_4', 'orb_5', 'orb_6']
Fe2 : ['orb_1', 'orb_2', 'orb_3', 'orb_4', 'orb_5', 'orb_6']

==========================================================================================
Exchange: 
    i      j          R        J_iso(meV)          vector          distance(A) 
----------------------------------------------------------------------------------------
   Fe1   Fe2   ( -1,   0,   0) -0.1551   ( 2.167,  2.167,  0.000)  3.065 
J_iso: -0.1551 
Orbital contributions:
 isotropic J:
 [[-0.02  -0.065 -0.067  0.    -0.215 -0.011]
 [-0.061  0.045 -0.25   0.005  0.053 -0.   ]
 [-0.066 -0.253  0.043  0.004  0.05   0.002]
 [-0.     0.005  0.005 -0.024  0.     0.   ]
 [-0.212  0.05   0.052  0.     0.776 -0.006]
 [ 0.003  0.    -0.001 -0.     0.     0.004]] 
----------------------------------------------------------------------------------------
   Fe1   Fe1   ( -1,   0,   1)  0.2014   ( 2.167,  0.000, -2.167)  3.065 
J_iso:  0.2014 
Orbital contributions:
 isotropic J:
 [[-0.091 -0.126 -0.002 -0.008  0.012  0.009]
 [-0.102  0.855  0.048 -0.311  0.044  0.062]
 [-0.009 -0.363  0.258 -0.027  0.182  0.003]
 [-0.011 -0.365  0.012 -0.042 -0.006  0.039]
 [-0.004 -0.385  0.192 -0.027  0.27   0.001]
 [ 0.01   0.045  0.005  0.029  0.007 -0.003]] 
----------------------------------------------------------------------------------------
   Fe1   Fe1   ( -1,   1,   0)  0.1993   ( 0.000,  2.167, -2.167)  3.065 
J_iso:  0.1993 
Orbital contributions:
 isotropic J:
 [[-0.093 -0.003 -0.12  -0.008  0.011  0.011]
 [-0.008  0.259 -0.376 -0.02   0.184  0.003]
 [-0.102  0.044  0.871 -0.297  0.041  0.061]
 [-0.011  0.013 -0.368 -0.04  -0.006  0.034]
 [-0.007  0.184 -0.378 -0.029  0.26  -0.001]
 [ 0.01   0.004  0.048  0.028  0.005 -0.003]] 
----------------------------------------------------------------------------------------
   Fe1   Fe2   (  0,  -1,   0) -0.1727   ( 2.167,  0.000,  2.167)  3.065 
J_iso: -0.1727 
Orbital contributions:
 isotropic J:
 [[-0.023 -0.054 -0.029 -0.003  0.003 -0.002]
 [-0.05   0.771  0.058 -0.163  0.048 -0.006]
 [-0.027  0.052  0.044 -0.035 -0.252  0.002]
 [-0.002 -0.167 -0.035 -0.02  -0.064 -0.009]
 [ 0.002  0.05  -0.25  -0.061  0.043  0.   ]
 [ 0.     0.001 -0.001  0.002  0.     0.004]] 
----------------------------------------------------------------------------------------
   Fe1   Fe1   (  0,  -1,   1)  0.1949   ( 2.167, -2.167,  0.000)  3.065 
J_iso:  0.1949 
Orbital contributions:
 isotropic J:
 [[-0.024  0.004  0.006 -0.    -0.492  0.047]
 [-0.033  0.266  0.187  0.003 -0.387  0.001]
 [-0.038  0.182  0.257  0.003 -0.363  0.003]
 [-0.     0.004  0.003 -0.132  0.    -0.   ]
 [-0.404  0.045  0.046  0.     0.853  0.063]
 [ 0.042  0.006  0.005 -0.     0.046 -0.003]] 
----------------------------------------------------------------------------------------
   Fe1   Fe2   (  0,   0,  -1) -0.1425   ( 0.000,  2.167,  2.167)  3.065 
J_iso: -0.1425 
Orbital contributions:
 isotropic J:
 [[-0.024 -0.028 -0.052 -0.003  0.004 -0.003]
 [-0.028  0.043  0.05  -0.028 -0.251  0.002]
 [-0.051  0.053  0.778 -0.152  0.051 -0.006]
 [-0.003 -0.033 -0.159 -0.022 -0.062 -0.008]
 [ 0.005 -0.251  0.049 -0.062  0.044  0.002]
 [-0.    -0.     0.001 -0.    -0.001  0.004]] 
----------------------------------------------------------------------------------------
   Fe2   Fe1   (  0,   0,   1) -0.1425   ( 0.000, -2.167, -2.167)  3.065 
J_iso: -0.1425 
Orbital contributions:
 isotropic J:
 [[-0.024 -0.028 -0.051 -0.003  0.005 -0.   ]
 [-0.028  0.043  0.053 -0.033 -0.251 -0.   ]
 [-0.052  0.05   0.778 -0.159  0.049  0.001]
 [-0.003 -0.028 -0.152 -0.022 -0.062 -0.   ]
 [ 0.004 -0.251  0.051 -0.062  0.044 -0.001]
 [-0.003  0.002 -0.006 -0.008  0.002  0.004]] 
----------------------------------------------------------------------------------------
   Fe1   Fe1   (  0,   1,  -1)  0.1949   (-2.167,  2.167,  0.000)  3.065 
J_iso:  0.1949 
Orbital contributions:
 isotropic J:
 [[-0.024 -0.033 -0.038 -0.    -0.404  0.042]
 [ 0.004  0.266  0.182  0.004  0.045  0.006]
 [ 0.006  0.187  0.257  0.003  0.046  0.005]
 [-0.     0.003  0.003 -0.132  0.    -0.   ]
 [-0.492 -0.387 -0.363  0.     0.853  0.046]
 [ 0.047  0.001  0.003 -0.     0.063 -0.003]] 
----------------------------------------------------------------------------------------
   Fe2   Fe1   (  0,   1,   0) -0.1727   (-2.167,  0.000, -2.167)  3.065 
J_iso: -0.1727 
Orbital contributions:
 isotropic J:
 [[-0.023 -0.05  -0.027 -0.002  0.002  0.   ]
 [-0.054  0.771  0.052 -0.167  0.05   0.001]
 [-0.029  0.058  0.044 -0.035 -0.25  -0.001]
 [-0.003 -0.163 -0.035 -0.02  -0.061  0.002]
 [ 0.003  0.048 -0.252 -0.064  0.043  0.   ]
 [-0.002 -0.006  0.002 -0.009  0.     0.004]] 
----------------------------------------------------------------------------------------
   Fe1   Fe1   (  1,  -1,   0)  0.1993   ( 0.000, -2.167,  2.167)  3.065 
J_iso:  0.1993 
Orbital contributions:
 isotropic J:
 [[-0.093 -0.008 -0.102 -0.011 -0.007  0.01 ]
 [-0.003  0.259  0.044  0.013  0.184  0.004]
 [-0.12  -0.376  0.871 -0.368 -0.378  0.048]
 [-0.008 -0.02  -0.297 -0.04  -0.029  0.028]
 [ 0.011  0.184  0.041 -0.006  0.26   0.005]
 [ 0.011  0.003  0.061  0.034 -0.001 -0.003]] 
----------------------------------------------------------------------------------------
   Fe1   Fe1   (  1,   0,  -1)  0.2014   (-2.167,  0.000,  2.167)  3.065 
J_iso:  0.2014 
Orbital contributions:
 isotropic J:
 [[-0.091 -0.102 -0.009 -0.011 -0.004  0.01 ]
 [-0.126  0.855 -0.363 -0.365 -0.385  0.045]
 [-0.002  0.048  0.258  0.012  0.192  0.005]
 [-0.008 -0.311 -0.027 -0.042 -0.027  0.029]
 [ 0.012  0.044  0.182 -0.006  0.27   0.007]
 [ 0.009  0.062  0.003  0.039  0.001 -0.003]] 
----------------------------------------------------------------------------------------
   Fe2   Fe1   (  1,   0,   0) -0.1551   (-2.167, -2.167,  0.000)  3.065 
J_iso: -0.1551 
Orbital contributions:
 isotropic J:
 [[-0.02  -0.061 -0.066 -0.    -0.212  0.003]
 [-0.065  0.045 -0.253  0.005  0.05   0.   ]
 [-0.067 -0.25   0.043  0.005  0.052 -0.001]
 [ 0.     0.005  0.004 -0.024  0.    -0.   ]
 [-0.215  0.053  0.05   0.     0.776  0.   ]
 [-0.011 -0.     0.002  0.    -0.006  0.004]] 
----------------------------------------------------------------------------------------
   Fe1   Fe2   ( -1,  -1,   0) -0.1945   ( 0.000, -2.167, -2.167)  3.065 
J_iso: -0.1945 
Orbital contributions:
 isotropic J:
 [[-0.032 -0.028 -0.053 -0.003  0.006 -0.003]
 [-0.031  0.043  0.053 -0.025 -0.25  -0.001]
 [-0.048  0.037  0.742 -0.142  0.04  -0.011]
 [-0.003 -0.031 -0.153 -0.032 -0.064 -0.006]
 [ 0.008 -0.249  0.054 -0.069  0.046 -0.   ]
 [ 0.002 -0.001 -0.002  0.006 -0.     0.004]] 
----------------------------------------------------------------------------------------
   Fe1   Fe2   ( -1,   0,  -1) -0.1978   (-2.167,  0.000, -2.167)  3.065 
J_iso: -0.1978 
Orbital contributions:
 isotropic J:
 [[-0.032 -0.05  -0.03  -0.003  0.005 -0.002]
 [-0.052  0.754  0.043 -0.148  0.045 -0.011]
 [-0.033  0.048  0.044 -0.03  -0.255 -0.001]
 [-0.003 -0.151 -0.029 -0.03  -0.064 -0.007]
 [ 0.009  0.049 -0.251 -0.067  0.044 -0.001]
 [ 0.001 -0.002  0.     0.008 -0.001  0.004]] 
----------------------------------------------------------------------------------------
   Fe2   Fe2   ( -1,   0,   1)  0.1783   ( 2.167,  0.000, -2.167)  3.065 
J_iso:  0.1783 
Orbital contributions:
 isotropic J:
 [[-0.108 -0.101 -0.004 -0.012 -0.011  0.005]
 [-0.111  0.874 -0.368 -0.359 -0.363  0.031]
 [-0.002  0.045  0.255  0.012  0.177  0.005]
 [-0.013 -0.292 -0.019 -0.046 -0.027  0.018]
 [ 0.009  0.045  0.175 -0.     0.259  0.004]
 [ 0.009  0.068  0.001  0.024  0.002 -0.002]] 
----------------------------------------------------------------------------------------
   Fe2   Fe2   ( -1,   1,   0)  0.1978   ( 0.000,  2.167, -2.167)  3.065 
J_iso:  0.1978 
Orbital contributions:
 isotropic J:
 [[-0.107 -0.004 -0.103 -0.011 -0.007  0.006]
 [-0.002  0.26   0.044  0.012  0.179  0.006]
 [-0.11  -0.366  0.87  -0.36  -0.364  0.028]
 [-0.014 -0.018 -0.284 -0.036 -0.028  0.018]
 [ 0.008  0.178  0.045  0.002  0.26   0.004]
 [ 0.007  0.002  0.064  0.021  0.001 -0.002]] 
----------------------------------------------------------------------------------------
   Fe1   Fe2   (  0,  -1,  -1) -0.1985   (-2.167, -2.167,  0.000)  3.065 
J_iso: -0.1985 
Orbital contributions:
 isotropic J:
 [[-0.028 -0.063 -0.065  0.    -0.205 -0.01 ]
 [-0.062  0.045 -0.251  0.007  0.051 -0.001]
 [-0.071 -0.252  0.044  0.006  0.046 -0.001]
 [ 0.     0.006  0.005 -0.038  0.    -0.   ]
 [-0.194  0.04   0.044 -0.     0.749 -0.01 ]
 [ 0.009 -0.    -0.001  0.    -0.002  0.004]] 
----------------------------------------------------------------------------------------
   Fe2   Fe2   (  0,  -1,   1)  0.1869   ( 2.167, -2.167,  0.000)  3.065 
J_iso:  0.1869 
Orbital contributions:
 isotropic J:
 [[-0.022 -0.036 -0.021  0.    -0.391  0.023]
 [ 0.006  0.256  0.177  0.002  0.047  0.004]
 [ 0.005  0.175  0.262  0.003  0.044  0.006]
 [ 0.     0.003  0.002 -0.157  0.    -0.   ]
 [-0.47  -0.365 -0.367 -0.     0.86   0.032]
 [ 0.036  0.002  0.002 -0.     0.069 -0.002]] 
----------------------------------------------------------------------------------------
   Fe2   Fe2   (  0,   1,  -1)  0.1869   (-2.167,  2.167,  0.000)  3.065 
J_iso:  0.1869 
Orbital contributions:
 isotropic J:
 [[-0.022  0.006  0.005  0.    -0.47   0.036]
 [-0.036  0.256  0.175  0.003 -0.365  0.002]
 [-0.021  0.177  0.262  0.002 -0.367  0.002]
 [ 0.     0.002  0.003 -0.157 -0.    -0.   ]
 [-0.391  0.047  0.044  0.     0.86   0.069]
 [ 0.023  0.004  0.006 -0.     0.032 -0.002]] 
----------------------------------------------------------------------------------------
   Fe2   Fe1   (  0,   1,   1) -0.1985   ( 2.167,  2.167,  0.000)  3.065 
J_iso: -0.1985 
Orbital contributions:
 isotropic J:
 [[-0.028 -0.062 -0.071  0.    -0.194  0.009]
 [-0.063  0.045 -0.252  0.006  0.04  -0.   ]
 [-0.065 -0.251  0.044  0.005  0.044 -0.001]
 [ 0.     0.007  0.006 -0.038 -0.     0.   ]
 [-0.205  0.051  0.046  0.     0.749 -0.002]
 [-0.01  -0.001 -0.001 -0.    -0.01   0.004]] 
----------------------------------------------------------------------------------------
   Fe2   Fe2   (  1,  -1,   0)  0.1978   ( 0.000, -2.167,  2.167)  3.065 
J_iso:  0.1978 
Orbital contributions:
 isotropic J:
 [[-0.107 -0.002 -0.11  -0.014  0.008  0.007]
 [-0.004  0.26  -0.366 -0.018  0.178  0.002]
 [-0.103  0.044  0.87  -0.284  0.045  0.064]
 [-0.011  0.012 -0.36  -0.036  0.002  0.021]
 [-0.007  0.179 -0.364 -0.028  0.26   0.001]
 [ 0.006  0.006  0.028  0.018  0.004 -0.002]] 
----------------------------------------------------------------------------------------
   Fe2   Fe2   (  1,   0,  -1)  0.1783   (-2.167,  0.000,  2.167)  3.065 
J_iso:  0.1783 
Orbital contributions:
 isotropic J:
 [[-0.108 -0.111 -0.002 -0.013  0.009  0.009]
 [-0.101  0.874  0.045 -0.292  0.045  0.068]
 [-0.004 -0.368  0.255 -0.019  0.175  0.001]
 [-0.012 -0.359  0.012 -0.046 -0.     0.024]
 [-0.011 -0.363  0.177 -0.027  0.259  0.002]
 [ 0.005  0.031  0.005  0.018  0.004 -0.002]] 
----------------------------------------------------------------------------------------
   Fe2   Fe1   (  1,   0,   1) -0.1978   ( 2.167,  0.000,  2.167)  3.065 
J_iso: -0.1978 
Orbital contributions:
 isotropic J:
 [[-0.032 -0.052 -0.033 -0.003  0.009  0.001]
 [-0.05   0.754  0.048 -0.151  0.049 -0.002]
 [-0.03   0.043  0.044 -0.029 -0.251  0.   ]
 [-0.003 -0.148 -0.03  -0.03  -0.067  0.008]
 [ 0.005  0.045 -0.255 -0.064  0.044 -0.001]
 [-0.002 -0.011 -0.001 -0.007 -0.001  0.004]] 
----------------------------------------------------------------------------------------
   Fe2   Fe1   (  1,   1,   0) -0.1945   ( 0.000,  2.167,  2.167)  3.065 
J_iso: -0.1945 
Orbital contributions:
 isotropic J:
 [[-0.032 -0.031 -0.048 -0.003  0.008  0.002]
 [-0.028  0.043  0.037 -0.031 -0.249 -0.001]
 [-0.053  0.053  0.742 -0.153  0.054 -0.002]
 [-0.003 -0.025 -0.142 -0.032 -0.069  0.006]
 [ 0.006 -0.25   0.04  -0.064  0.046 -0.   ]
 [-0.003 -0.001 -0.011 -0.006 -0.     0.004]] 
----------------------------------------------------------------------------------------
   Fe1   Fe2   ( -2,   0,   0) -10.9215   ( 0.000,  0.000, -4.334)  4.334 
J_iso: -10.9215 
Orbital contributions:
 isotropic J:
 [[-11.41    0.017   0.018  -0.      0.103   0.071]
 [  0.016   0.035  -0.158   0.001   0.018  -0.001]
 [  0.016  -0.157   0.038   0.001   0.016  -0.   ]
 [ -0.      0.001   0.001   0.     -0.     -0.   ]
 [  0.103   0.013   0.015  -0.     -0.006   0.003]
 [  0.322  -0.001  -0.001  -0.      0.003  -0.   ]] 
----------------------------------------------------------------------------------------
   Fe1   Fe2   ( -1,  -1,   1) -11.2461   ( 4.334, -0.000, -0.000)  4.334 
J_iso: -11.2461 
Orbital contributions:
 isotropic J:
 [[-0.757  0.008  0.027 -2.151  0.004  0.022]
 [ 0.006  0.032  0.014  0.012 -0.155 -0.   ]
 [ 0.03   0.015 -0.005  0.092  0.014  0.003]
 [-2.163  0.013  0.08  -6.621  0.016  0.065]
 [ 0.004 -0.155  0.014  0.014  0.032  0.   ]
 [ 0.064 -0.001 -0.     0.185 -0.001  0.   ]] 
----------------------------------------------------------------------------------------
   Fe1   Fe2   ( -1,   1,  -1) -11.1853   ( 0.000,  4.334,  0.000)  4.334 
J_iso: -11.1853 
Orbital contributions:
 isotropic J:
 [[-0.773  0.025  0.007 -2.134  0.004  0.022]
 [ 0.03  -0.006  0.014  0.091  0.015  0.003]
 [ 0.006  0.013  0.035  0.012 -0.156 -0.   ]
 [-2.156  0.077  0.011 -6.56   0.016  0.066]
 [ 0.004  0.015 -0.154  0.012  0.034 -0.001]
 [ 0.063  0.001 -0.001  0.178 -0.001  0.   ]] 
----------------------------------------------------------------------------------------
   Fe2   Fe1   ( -1,   1,   1) -11.1536   ( 0.000,  0.000, -4.334)  4.334 
J_iso: -11.1536 
Orbital contributions:
 isotropic J:
 [[-11.56   -0.02   -0.019  -0.      0.159   0.262]
 [ -0.021  -0.035  -0.068   0.001   0.016  -0.005]
 [ -0.02   -0.067  -0.033   0.001   0.015  -0.007]
 [ -0.      0.001   0.001  -0.001  -0.     -0.   ]
 [  0.143   0.015   0.015   0.     -0.026   0.001]
 [  0.107  -0.006  -0.004  -0.      0.002   0.   ]] 
----------------------------------------------------------------------------------------
   Fe1   Fe2   (  0,  -2,   0) -10.9070   ( 0.000, -4.334,  0.000)  4.334 
J_iso: -10.9070 
Orbital contributions:
 isotropic J:
 [[-0.749  0.025  0.008 -2.114  0.004  0.019]
 [ 0.025 -0.006  0.015  0.077  0.015  0.004]
 [ 0.007  0.017  0.034  0.01  -0.159 -0.   ]
 [-2.115  0.076  0.011 -6.421  0.016  0.055]
 [ 0.003  0.016 -0.158  0.014  0.035 -0.001]
 [ 0.083  0.002 -0.     0.245 -0.001 -0.   ]] 
----------------------------------------------------------------------------------------
   Fe1   Fe2   (  0,   0,  -2) -10.9957   (-4.334,  0.000,  0.000)  4.334 
J_iso: -10.9957 
Orbital contributions:
 isotropic J:
 [[-0.737  0.007  0.027 -2.128  0.004  0.021]
 [ 0.007  0.033  0.017  0.01  -0.159 -0.   ]
 [ 0.026  0.013 -0.006  0.075  0.012  0.003]
 [-2.12   0.011  0.079 -6.483  0.016  0.061]
 [ 0.003 -0.159  0.017  0.013  0.032 -0.001]
 [ 0.077 -0.001  0.003  0.232 -0.001  0.   ]] 
----------------------------------------------------------------------------------------
   Fe2   Fe1   (  0,   0,   2) -10.9957   ( 4.334,  0.000,  0.000)  4.334 
J_iso: -10.9957 
Orbital contributions:
 isotropic J:
 [[-0.737  0.007  0.026 -2.12   0.003  0.077]
 [ 0.007  0.033  0.013  0.011 -0.159 -0.001]
 [ 0.027  0.017 -0.006  0.079  0.017  0.003]
 [-2.128  0.01   0.075 -6.483  0.013  0.232]
 [ 0.004 -0.159  0.012  0.016  0.032 -0.001]
 [ 0.021 -0.     0.003  0.061 -0.001  0.   ]] 
----------------------------------------------------------------------------------------
   Fe2   Fe1   (  0,   2,   0) -10.9070   ( 0.000,  4.334,  0.000)  4.334 
J_iso: -10.9070 
Orbital contributions:
 isotropic J:
 [[-0.749  0.025  0.007 -2.115  0.003  0.083]
 [ 0.025 -0.006  0.017  0.076  0.016  0.002]
 [ 0.008  0.015  0.034  0.011 -0.158 -0.   ]
 [-2.114  0.077  0.01  -6.421  0.014  0.245]
 [ 0.004  0.015 -0.159  0.016  0.035 -0.001]
 [ 0.019  0.004 -0.     0.055 -0.001 -0.   ]] 
----------------------------------------------------------------------------------------
   Fe1   Fe2   (  1,  -1,  -1) -11.1536   ( 0.000,  0.000,  4.334)  4.334 
J_iso: -11.1536 
Orbital contributions:
 isotropic J:
 [[-11.56   -0.021  -0.02   -0.      0.143   0.107]
 [ -0.02   -0.035  -0.067   0.001   0.015  -0.006]
 [ -0.019  -0.068  -0.033   0.001   0.015  -0.004]
 [ -0.      0.001   0.001  -0.001   0.     -0.   ]
 [  0.159   0.016   0.015  -0.     -0.026   0.002]
 [  0.262  -0.005  -0.007  -0.      0.001   0.   ]] 
----------------------------------------------------------------------------------------
   Fe2   Fe1   (  1,  -1,   1) -11.1853   ( 0.000, -4.334,  0.000)  4.334 
J_iso: -11.1853 
Orbital contributions:
 isotropic J:
 [[-0.773  0.03   0.006 -2.156  0.004  0.063]
 [ 0.025 -0.006  0.013  0.077  0.015  0.001]
 [ 0.007  0.014  0.035  0.011 -0.154 -0.001]
 [-2.134  0.091  0.012 -6.56   0.012  0.178]
 [ 0.004  0.015 -0.156  0.016  0.034 -0.001]
 [ 0.022  0.003 -0.     0.066 -0.001  0.   ]] 
----------------------------------------------------------------------------------------
   Fe2   Fe1   (  1,   1,  -1) -11.2461   (-4.334,  0.000,  0.000)  4.334 
J_iso: -11.2461 
Orbital contributions:
 isotropic J:
 [[-0.757  0.006  0.03  -2.163  0.004  0.064]
 [ 0.008  0.032  0.015  0.013 -0.155 -0.001]
 [ 0.027  0.014 -0.005  0.08   0.014 -0.   ]
 [-2.151  0.012  0.092 -6.621  0.014  0.185]
 [ 0.004 -0.155  0.014  0.016  0.032 -0.001]
 [ 0.022 -0.     0.003  0.065  0.     0.   ]] 
----------------------------------------------------------------------------------------
   Fe2   Fe1   (  2,   0,   0) -10.9215   ( 0.000,  0.000,  4.334)  4.334 
J_iso: -10.9215 
Orbital contributions:
 isotropic J:
 [[-11.41    0.016   0.016  -0.      0.103   0.322]
 [  0.017   0.035  -0.157   0.001   0.013  -0.001]
 [  0.018  -0.158   0.038   0.001   0.015  -0.001]
 [ -0.      0.001   0.001   0.     -0.     -0.   ]
 [  0.103   0.018   0.016  -0.     -0.006   0.003]
 [  0.071  -0.001  -0.     -0.      0.003  -0.   ]] 
----------------------------------------------------------------------------------------
   Fe1   Fe2   ( -2,  -1,   1) -0.0328   ( 2.167, -2.167, -4.334)  5.308 
J_iso: -0.0328 
Orbital contributions:
 isotropic J:
 [[-0.025  0.     0.001  0.    -0.     0.002]
 [ 0.    -0.008 -0.001  0.    -0.001  0.001]
 [-0.001 -0.    -0.009  0.001  0.     0.   ]
 [ 0.     0.    -0.    -0.     0.    -0.   ]
 [-0.003 -0.001  0.001  0.001 -0.    -0.   ]
 [ 0.002  0.003  0.002  0.003 -0.001 -0.   ]] 
----------------------------------------------------------------------------------------
   Fe1   Fe2   ( -1,  -2,   1) -0.0356   ( 2.167, -4.334, -2.167)  5.308 
J_iso: -0.0356 
Orbital contributions:
 isotropic J:
 [[-0.001 -0.007 -0.002 -0.006  0.     0.   ]
 [-0.006 -0.     0.001  0.005 -0.001 -0.   ]
 [-0.002  0.    -0.01   0.001 -0.001  0.   ]
 [-0.006  0.007  0.003 -0.013  0.     0.002]
 [ 0.001 -0.001 -0.001  0.    -0.009  0.001]
 [ 0.    -0.001  0.003  0.003  0.004 -0.   ]] 
----------------------------------------------------------------------------------------
   Fe1   Fe1   (  0,  -1,   0) -0.0006   (-2.167, -4.334, -2.167)  5.308 
J_iso: -0.0006 
Orbital contributions:
 isotropic J:
 [[-0.001  0.     0.    -0.001  0.001 -0.   ]
 [ 0.    -0.001 -0.    -0.001  0.    -0.001]
 [ 0.     0.001 -0.002  0.003  0.002  0.   ]
 [-0.001 -0.001  0.001 -0.005 -0.001 -0.001]
 [ 0.004  0.001  0.002 -0.001 -0.003  0.   ]
 [ 0.001 -0.002  0.001  0.001  0.001  0.   ]] 
----------------------------------------------------------------------------------------
   Fe2   Fe2   (  0,  -1,   0) -0.0056   (-2.167, -4.334, -2.167)  5.308 
J_iso: -0.0056 
Orbital contributions:
 isotropic J:
 [[-0.002  0.     0.001 -0.001  0.002  0.   ]
 [ 0.    -0.001  0.    -0.     0.    -0.001]
 [ 0.001  0.    -0.002  0.001  0.002  0.   ]
 [-0.001 -0.002  0.    -0.005 -0.001  0.   ]
 [ 0.003  0.     0.002 -0.001 -0.002  0.   ]
 [-0.    -0.     0.    -0.001  0.     0.   ]] 
----------------------------------------------------------------------------------------
   Fe1   Fe1   (  0,   0,  -1)  0.0041   (-4.334, -2.167, -2.167)  5.308 
J_iso:  0.0041 
Orbital contributions:
 isotropic J:
 [[-0.002  0.     0.001 -0.001  0.003 -0.   ]
 [ 0.001 -0.003  0.001  0.001  0.002  0.   ]
 [-0.     0.    -0.001 -0.     0.    -0.001]
 [-0.001  0.002  0.002 -0.005 -0.001 -0.001]
 [ 0.004  0.002  0.001 -0.001 -0.003  0.   ]
 [ 0.001  0.    -0.001  0.002  0.001  0.   ]] 
----------------------------------------------------------------------------------------
   Fe2   Fe2   (  0,   0,  -1) -0.0029   (-4.334, -2.167, -2.167)  5.308 
J_iso: -0.0029 
Orbital contributions:
 isotropic J:
 [[-0.001  0.001 -0.    -0.001  0.003  0.   ]
 [ 0.    -0.003  0.     0.001  0.002  0.   ]
 [ 0.     0.    -0.002  0.     0.    -0.001]
 [-0.001 -0.    -0.001 -0.005 -0.     0.   ]
 [ 0.003  0.002  0.    -0.001 -0.002  0.   ]
 [-0.     0.    -0.    -0.001  0.     0.   ]] 
----------------------------------------------------------------------------------------
   Fe1   Fe1   (  0,   0,   1)  0.0041   ( 4.334,  2.167,  2.167)  5.308 
J_iso:  0.0041 
Orbital contributions:
 isotropic J:
 [[-0.002  0.001 -0.    -0.001  0.004  0.001]
 [ 0.    -0.003  0.     0.002  0.002  0.   ]
 [ 0.001  0.001 -0.001  0.002  0.001 -0.001]
 [-0.001  0.001 -0.    -0.005 -0.001  0.002]
 [ 0.003  0.002  0.    -0.001 -0.003  0.001]
 [-0.     0.    -0.001 -0.001  0.     0.   ]] 
----------------------------------------------------------------------------------------
   Fe1   Fe1   (  0,   1,   0) -0.0006   ( 2.167,  4.334,  2.167)  5.308 
J_iso: -0.0006 
Orbital contributions:
 isotropic J:
 [[-0.001  0.     0.    -0.001  0.004  0.001]
 [ 0.    -0.001  0.001 -0.001  0.001 -0.002]
 [ 0.    -0.    -0.002  0.001  0.002  0.001]
 [-0.001 -0.001  0.003 -0.005 -0.001  0.001]
 [ 0.001  0.     0.002 -0.001 -0.003  0.001]
 [-0.    -0.001  0.    -0.001  0.     0.   ]] 
----------------------------------------------------------------------------------------
   Fe2   Fe1   (  1,   2,  -1) -0.0356   (-2.167,  4.334,  2.167)  5.308 
J_iso: -0.0356 
Orbital contributions:
 isotropic J:
 [[-0.001 -0.006 -0.002 -0.006  0.001  0.   ]
 [-0.007 -0.     0.     0.007 -0.001 -0.001]
 [-0.002  0.001 -0.01   0.003 -0.001  0.003]
 [-0.006  0.005  0.001 -0.013  0.     0.003]
 [ 0.    -0.001 -0.001  0.    -0.009  0.004]
 [ 0.    -0.     0.     0.002  0.001 -0.   ]] 
----------------------------------------------------------------------------------------
   Fe2   Fe1   (  2,   1,  -1) -0.0328   (-2.167,  2.167,  4.334)  5.308 
J_iso: -0.0328 
Orbital contributions:
 isotropic J:
 [[-0.025  0.    -0.001  0.    -0.003  0.002]
 [ 0.    -0.008 -0.     0.    -0.001  0.003]
 [ 0.001 -0.001 -0.009 -0.     0.001  0.002]
 [ 0.     0.     0.001 -0.     0.001  0.003]
 [-0.    -0.001  0.     0.    -0.    -0.001]
 [ 0.002  0.001  0.    -0.    -0.    -0.   ]] 
----------------------------------------------------------------------------------------
   Fe1   Fe2   ( -2,   0,   1) -0.0293   ( 4.334,  2.167, -2.167)  5.308 
J_iso: -0.0293 
Orbital contributions:
 isotropic J:
 [[-0.001  0.     0.006 -0.004  0.002  0.002]
 [ 0.    -0.008 -0.001  0.     0.001  0.001]
 [ 0.006 -0.001 -0.    -0.006  0.001  0.   ]
 [-0.002  0.001 -0.009 -0.014 -0.001 -0.001]
 [ 0.002 -0.     0.001 -0.    -0.008 -0.   ]
 [ 0.001  0.002 -0.    -0.     0.002 -0.   ]] 
----------------------------------------------------------------------------------------
   Fe1   Fe2   ( -2,   1,  -1) -0.0396   (-2.167,  2.167, -4.334)  5.308 
J_iso: -0.0396 
Orbital contributions:
 isotropic J:
 [[-0.027  0.001  0.     0.    -0.002  0.002]
 [-0.002 -0.009 -0.001  0.001  0.     0.   ]
 [ 0.    -0.001 -0.009  0.    -0.001  0.001]
 [ 0.    -0.     0.    -0.     0.001 -0.   ]
 [-0.004  0.001 -0.001  0.001  0.    -0.   ]
 [ 0.002  0.002  0.003  0.002 -0.001 -0.   ]] 
----------------------------------------------------------------------------------------
   Fe1   Fe2   ( -2,   1,   0) -0.0267   ( 2.167,  4.334, -2.167)  5.308 
J_iso: -0.0267 
Orbital contributions:
 isotropic J:
 [[-0.001  0.007  0.    -0.003  0.002  0.001]
 [ 0.007 -0.    -0.001 -0.008  0.001  0.   ]
 [ 0.    -0.001 -0.009  0.001  0.001  0.001]
 [-0.002 -0.01   0.001 -0.013 -0.001 -0.   ]
 [ 0.002  0.001  0.    -0.    -0.007 -0.   ]
 [ 0.002 -0.     0.002  0.     0.002 -0.   ]] 
----------------------------------------------------------------------------------------
   Fe1   Fe1   ( -2,   1,   1)  0.0435   ( 2.167,  2.167, -4.334)  5.308 
J_iso:  0.0435 
Orbital contributions:
 isotropic J:
 [[-0.021  0.007  0.006 -0.     0.009  0.   ]
 [ 0.008 -0.001  0.006  0.     0.    -0.001]
 [ 0.01   0.006 -0.     0.     0.001 -0.001]
 [ 0.     0.001  0.001 -0.002  0.     0.   ]
 [ 0.006  0.004  0.004 -0.    -0.003 -0.   ]
 [ 0.002  0.     0.    -0.    -0.001 -0.001]] 
----------------------------------------------------------------------------------------
   Fe2   Fe2   ( -2,   1,   1)  0.0420   ( 2.167,  2.167, -4.334)  5.308 
J_iso:  0.0420 
Orbital contributions:
 isotropic J:
 [[-0.02   0.008  0.008 -0.     0.006  0.   ]
 [ 0.008 -0.001  0.008  0.001  0.004  0.   ]
 [ 0.009  0.008 -0.001  0.     0.004  0.   ]
 [ 0.     0.001  0.001 -0.005 -0.     0.   ]
 [ 0.007  0.     0.    -0.    -0.004 -0.   ]
 [-0.001  0.001  0.001 -0.     0.    -0.001]] 
----------------------------------------------------------------------------------------
   Fe1   Fe1   ( -1,  -1,   2)  0.0403   ( 4.334, -2.167, -2.167)  5.308 
J_iso:  0.0403 
Orbital contributions:
 isotropic J:
 [[ 0.     0.001  0.002 -0.007  0.005 -0.   ]
 [-0.    -0.001  0.     0.01   0.007  0.   ]
 [ 0.001  0.004 -0.003  0.003  0.004  0.   ]
 [-0.007  0.009  0.005 -0.01   0.006  0.   ]
 [ 0.006  0.007  0.     0.004 -0.001  0.   ]
 [ 0.     0.    -0.002 -0.    -0.    -0.001]] 
----------------------------------------------------------------------------------------
   Fe2   Fe2   ( -1,  -1,   2)  0.0401   ( 4.334, -2.167, -2.167)  5.308 
J_iso:  0.0401 
Orbital contributions:
 isotropic J:
 [[-0.     0.001  0.001 -0.008  0.005 -0.   ]
 [ 0.    -0.001  0.004  0.008  0.007  0.   ]
 [ 0.002  0.    -0.003  0.005  0.    -0.   ]
 [-0.008  0.009  0.003 -0.008  0.004 -0.   ]
 [ 0.004  0.008  0.004  0.003 -0.001  0.   ]
 [ 0.     0.001 -0.    -0.     0.001 -0.   ]] 
----------------------------------------------------------------------------------------
   Fe1   Fe1   ( -1,   0,   0)  0.0032   (-2.167, -2.167, -4.334)  5.308 
J_iso:  0.0032 
Orbital contributions:
 isotropic J:
 [[-0.006 -0.    -0.001  0.     0.001 -0.001]
 [-0.    -0.002  0.002  0.004  0.001  0.   ]
 [ 0.     0.002 -0.003  0.003  0.001  0.001]
 [-0.     0.002  0.002  0.001  0.     0.   ]
 [-0.001 -0.     0.    -0.    -0.001 -0.001]
 [ 0.002  0.001  0.001  0.    -0.002  0.   ]] 
----------------------------------------------------------------------------------------
   Fe2   Fe2   ( -1,   0,   0) -0.0021   (-2.167, -2.167, -4.334)  5.308 
J_iso: -0.0021 
Orbital contributions:
 isotropic J:
 [[-0.005 -0.001 -0.001 -0.    -0.003  0.   ]
 [-0.    -0.002  0.002  0.002 -0.     0.   ]
 [-0.     0.002 -0.002  0.002  0.     0.   ]
 [-0.     0.003  0.002 -0.     0.     0.   ]
 [ 0.     0.     0.     0.    -0.001 -0.001]
 [-0.001  0.     0.     0.    -0.     0.   ]] 
----------------------------------------------------------------------------------------
   Fe2   Fe1   ( -1,   0,   2) -0.0285   ( 2.167, -2.167, -4.334)  5.308 
J_iso: -0.0285 
Orbital contributions:
 isotropic J:
 [[-0.019 -0.    -0.     0.    -0.001  0.002]
 [ 0.001  0.002  0.004 -0.    -0.     0.   ]
 [ 0.001  0.006 -0.018 -0.001 -0.004  0.004]
 [-0.    -0.    -0.001  0.     0.002 -0.   ]
 [-0.004 -0.    -0.004  0.001 -0.    -0.001]
 [-0.    -0.003  0.003  0.002 -0.    -0.   ]] 
----------------------------------------------------------------------------------------
   Fe1   Fe2   ( -1,   1,  -2) -0.0339   (-4.334,  2.167, -2.167)  5.308 
J_iso: -0.0339 
Orbital contributions:
 isotropic J:
 [[-0.001 -0.002 -0.007 -0.007  0.     0.   ]
 [-0.002 -0.009  0.     0.001 -0.001  0.   ]
 [-0.007  0.001 -0.     0.004 -0.001 -0.   ]
 [-0.006  0.003  0.007 -0.01   0.     0.001]
 [ 0.    -0.001 -0.001  0.    -0.009  0.001]
 [ 0.     0.003 -0.001  0.004  0.002 -0.   ]] 
----------------------------------------------------------------------------------------
   Fe2   Fe1   ( -1,   1,   2) -0.0332   ( 4.334,  2.167, -2.167)  5.308 
J_iso: -0.0332 
Orbital contributions:
 isotropic J:
 [[-0.    -0.     0.006 -0.005  0.     0.008]
 [-0.001  0.001 -0.     0.001  0.003  0.   ]
 [ 0.008 -0.    -0.    -0.009 -0.004 -0.001]
 [-0.005  0.002 -0.01  -0.014 -0.003  0.   ]
 [ 0.     0.004 -0.004 -0.001 -0.02   0.005]
 [ 0.002 -0.002 -0.     0.001  0.004 -0.   ]] 
----------------------------------------------------------------------------------------
   Fe1   Fe1   ( -1,   2,  -1)  0.0424   (-2.167,  4.334, -2.167)  5.308 
J_iso:  0.0424 
Orbital contributions:
 isotropic J:
 [[ 0.     0.002  0.001 -0.007  0.005  0.   ]
 [ 0.001 -0.003  0.004  0.003  0.004 -0.001]
 [-0.     0.    -0.001  0.009  0.007 -0.   ]
 [-0.006  0.005  0.009 -0.01   0.006  0.   ]
 [ 0.006  0.     0.007  0.004 -0.001  0.001]
 [-0.    -0.002  0.     0.    -0.    -0.001]] 
----------------------------------------------------------------------------------------
   Fe2   Fe1   ( -1,   2,   0) -0.0321   (-2.167,  2.167, -4.334)  5.308 
J_iso: -0.0321 
Orbital contributions:
 isotropic J:
 [[-0.021  0.002  0.    -0.    -0.002  0.001]
 [ 0.001 -0.017  0.005 -0.001 -0.004  0.004]
 [ 0.     0.004  0.001 -0.001 -0.     0.   ]
 [-0.    -0.001 -0.    -0.     0.002  0.   ]
 [-0.004 -0.004 -0.     0.001 -0.    -0.001]
 [ 0.     0.004 -0.003  0.001 -0.    -0.   ]] 
----------------------------------------------------------------------------------------
   Fe2   Fe1   ( -1,   2,   1) -0.0344   ( 2.167,  4.334, -2.167)  5.308 
J_iso: -0.0344 
Orbital contributions:
 isotropic J:
 [[-0.001  0.006 -0.    -0.004  0.     0.004]
 [ 0.009 -0.    -0.    -0.009 -0.004 -0.001]
 [-0.001 -0.     0.001  0.001  0.004 -0.   ]
 [-0.005 -0.009  0.001 -0.012 -0.003  0.   ]
 [ 0.001 -0.004  0.003 -0.001 -0.02   0.005]
 [ 0.003  0.    -0.003  0.001  0.003 -0.   ]] 
----------------------------------------------------------------------------------------
   Fe1   Fe2   (  0,  -2,   1) -0.0276   ( 4.334, -2.167,  2.167)  5.308 
J_iso: -0.0276 
Orbital contributions:
 isotropic J:
 [[-0.002 -0.002 -0.007 -0.004  0.001 -0.   ]
 [-0.001 -0.008  0.001  0.003 -0.    -0.   ]
 [-0.005  0.001 -0.     0.005 -0.001  0.   ]
 [-0.006  0.002  0.004 -0.008  0.     0.001]
 [ 0.     0.    -0.001  0.    -0.007  0.001]
 [-0.001  0.002 -0.     0.003  0.002 -0.   ]] 
----------------------------------------------------------------------------------------
   Fe2   Fe1   (  0,  -1,   2) -0.0314   ( 2.167, -4.334, -2.167)  5.308 
J_iso: -0.0314 
Orbital contributions:
 isotropic J:
 [[-0.002 -0.005 -0.001 -0.006  0.001 -0.002]
 [-0.007 -0.    -0.004  0.006 -0.    -0.001]
 [-0.001 -0.005 -0.018  0.001  0.006  0.004]
 [-0.005  0.005  0.001 -0.009 -0.001  0.003]
 [ 0.001 -0.     0.003 -0.001  0.001  0.   ]
 [ 0.    -0.     0.004  0.002 -0.002 -0.   ]] 
----------------------------------------------------------------------------------------
   Fe2   Fe2   (  0,   0,   1) -0.0029   ( 4.334,  2.167,  2.167)  5.308 
J_iso: -0.0029 
Orbital contributions:
 isotropic J:
 [[-0.001  0.     0.    -0.001  0.003 -0.   ]
 [ 0.001 -0.003  0.    -0.     0.002  0.   ]
 [-0.     0.    -0.002 -0.001  0.    -0.   ]
 [-0.001  0.001  0.    -0.005 -0.001 -0.001]
 [ 0.003  0.002  0.    -0.    -0.002  0.   ]
 [ 0.     0.    -0.001  0.     0.     0.   ]] 
----------------------------------------------------------------------------------------
   Fe1   Fe2   (  0,   1,  -2) -0.0314   (-2.167,  4.334,  2.167)  5.308 
J_iso: -0.0314 
Orbital contributions:
 isotropic J:
 [[-0.002 -0.007 -0.001 -0.005  0.001  0.   ]
 [-0.005 -0.    -0.005  0.005 -0.    -0.   ]
 [-0.001 -0.004 -0.018  0.001  0.003  0.004]
 [-0.006  0.006  0.001 -0.009 -0.001  0.002]
 [ 0.001 -0.     0.006 -0.001  0.001 -0.002]
 [-0.002 -0.001  0.004  0.003  0.    -0.   ]] 
----------------------------------------------------------------------------------------
   Fe2   Fe2   (  0,   1,   0) -0.0056   ( 2.167,  4.334,  2.167)  5.308 
J_iso: -0.0056 
Orbital contributions:
 isotropic J:
 [[-0.002  0.     0.001 -0.001  0.003 -0.   ]
 [ 0.    -0.001  0.    -0.002  0.    -0.   ]
 [ 0.001  0.    -0.002  0.     0.002  0.   ]
 [-0.001 -0.     0.001 -0.005 -0.001 -0.001]
 [ 0.002  0.     0.002 -0.001 -0.002  0.   ]
 [ 0.    -0.001  0.     0.     0.     0.   ]] 
----------------------------------------------------------------------------------------
   Fe2   Fe1   (  0,   2,  -1) -0.0276   (-4.334,  2.167, -2.167)  5.308 
J_iso: -0.0276 
Orbital contributions:
 isotropic J:
 [[-0.002 -0.001 -0.005 -0.006  0.    -0.001]
 [-0.002 -0.008  0.001  0.002  0.     0.002]
 [-0.007  0.001 -0.     0.004 -0.001 -0.   ]
 [-0.004  0.003  0.005 -0.008  0.     0.003]
 [ 0.001 -0.    -0.001  0.    -0.007  0.002]
 [-0.    -0.     0.     0.001  0.001 -0.   ]] 
----------------------------------------------------------------------------------------
   Fe1   Fe2   (  1,  -2,  -1) -0.0344   (-2.167, -4.334,  2.167)  5.308 
J_iso: -0.0344 
Orbital contributions:
 isotropic J:
 [[-0.001  0.009 -0.001 -0.005  0.001  0.003]
 [ 0.006 -0.    -0.    -0.009 -0.004  0.   ]
 [-0.    -0.     0.001  0.001  0.003 -0.003]
 [-0.004 -0.009  0.001 -0.012 -0.001  0.001]
 [ 0.    -0.004  0.004 -0.003 -0.02   0.003]
 [ 0.004 -0.001 -0.     0.     0.005 -0.   ]] 
----------------------------------------------------------------------------------------
   Fe1   Fe2   (  1,  -2,   0) -0.0321   ( 2.167, -2.167,  4.334)  5.308 
J_iso: -0.0321 
Orbital contributions:
 isotropic J:
 [[-0.021  0.001  0.    -0.    -0.004  0.   ]
 [ 0.002 -0.017  0.004 -0.001 -0.004  0.004]
 [ 0.     0.005  0.001 -0.    -0.    -0.003]
 [-0.    -0.001 -0.001 -0.     0.001  0.001]
 [-0.002 -0.004 -0.     0.002 -0.    -0.   ]
 [ 0.001  0.004  0.     0.    -0.001 -0.   ]] 
----------------------------------------------------------------------------------------
   Fe1   Fe1   (  1,  -2,   1)  0.0424   ( 2.167, -4.334,  2.167)  5.308 
J_iso:  0.0424 
Orbital contributions:
 isotropic J:
 [[ 0.     0.001 -0.    -0.006  0.006 -0.   ]
 [ 0.002 -0.003  0.     0.005  0.    -0.002]
 [ 0.001  0.004 -0.001  0.009  0.007  0.   ]
 [-0.007  0.003  0.009 -0.01   0.004  0.   ]
 [ 0.005  0.004  0.007  0.006 -0.001 -0.   ]
 [ 0.    -0.001 -0.     0.     0.001 -0.001]] 
----------------------------------------------------------------------------------------
   Fe1   Fe2   (  1,  -1,  -2) -0.0332   (-4.334, -2.167,  2.167)  5.308 
J_iso: -0.0332 
Orbital contributions:
 isotropic J:
 [[-0.    -0.001  0.008 -0.005  0.     0.002]
 [-0.     0.001 -0.     0.002  0.004 -0.002]
 [ 0.006 -0.    -0.    -0.01  -0.004 -0.   ]
 [-0.005  0.001 -0.009 -0.014 -0.001  0.001]
 [ 0.     0.003 -0.004 -0.003 -0.02   0.004]
 [ 0.008  0.    -0.001  0.     0.005 -0.   ]] 
----------------------------------------------------------------------------------------
   Fe2   Fe1   (  1,  -1,   2) -0.0339   ( 4.334, -2.167,  2.167)  5.308 
J_iso: -0.0339 
Orbital contributions:
 isotropic J:
 [[-0.001 -0.002 -0.007 -0.006  0.     0.   ]
 [-0.002 -0.009  0.001  0.003 -0.001  0.003]
 [-0.007  0.    -0.     0.007 -0.001 -0.001]
 [-0.007  0.001  0.004 -0.01   0.     0.004]
 [ 0.    -0.001 -0.001  0.    -0.009  0.002]
 [ 0.     0.    -0.     0.001  0.001 -0.   ]] 
----------------------------------------------------------------------------------------
   Fe1   Fe2   (  1,   0,  -2) -0.0285   (-2.167,  2.167,  4.334)  5.308 
J_iso: -0.0285 
Orbital contributions:
 isotropic J:
 [[-0.019  0.001  0.001 -0.    -0.004 -0.   ]
 [-0.     0.002  0.006 -0.    -0.    -0.003]
 [-0.     0.004 -0.018 -0.001 -0.004  0.003]
 [ 0.    -0.    -0.001  0.     0.001  0.002]
 [-0.001 -0.    -0.004  0.002 -0.    -0.   ]
 [ 0.002  0.     0.004 -0.    -0.001 -0.   ]] 
----------------------------------------------------------------------------------------
   Fe1   Fe1   (  1,   0,   0)  0.0032   ( 2.167,  2.167,  4.334)  5.308 
J_iso:  0.0032 
Orbital contributions:
 isotropic J:
 [[-0.006 -0.     0.    -0.    -0.001  0.002]
 [-0.    -0.002  0.002  0.002 -0.     0.001]
 [-0.001  0.002 -0.003  0.002  0.     0.001]
 [ 0.     0.004  0.003  0.001 -0.     0.   ]
 [ 0.001  0.001  0.001  0.    -0.001 -0.002]
 [-0.001  0.     0.001  0.    -0.001  0.   ]] 
----------------------------------------------------------------------------------------
   Fe2   Fe2   (  1,   0,   0) -0.0021   ( 2.167,  2.167,  4.334)  5.308 
J_iso: -0.0021 
Orbital contributions:
 isotropic J:
 [[-0.005 -0.    -0.    -0.     0.    -0.001]
 [-0.001 -0.002  0.002  0.003  0.     0.   ]
 [-0.001  0.002 -0.002  0.002  0.     0.   ]
 [-0.     0.002  0.002 -0.     0.     0.   ]
 [-0.003 -0.     0.     0.    -0.001 -0.   ]
 [ 0.     0.     0.     0.    -0.001  0.   ]] 
----------------------------------------------------------------------------------------
   Fe1   Fe1   (  1,   1,  -2)  0.0403   (-4.334,  2.167,  2.167)  5.308 
J_iso:  0.0403 
Orbital contributions:
 isotropic J:
 [[ 0.    -0.     0.001 -0.007  0.006  0.   ]
 [ 0.001 -0.001  0.004  0.009  0.007  0.   ]
 [ 0.002  0.    -0.003  0.005  0.    -0.002]
 [-0.007  0.01   0.003 -0.01   0.004 -0.   ]
 [ 0.005  0.007  0.004  0.006 -0.001 -0.   ]
 [-0.     0.     0.     0.     0.    -0.001]] 
----------------------------------------------------------------------------------------
   Fe2   Fe2   (  1,   1,  -2)  0.0401   (-4.334,  2.167,  2.167)  5.308 
J_iso:  0.0401 
Orbital contributions:
 isotropic J:
 [[-0.     0.     0.002 -0.008  0.004  0.   ]
 [ 0.001 -0.001  0.     0.009  0.008  0.001]
 [ 0.001  0.004 -0.003  0.003  0.004 -0.   ]
 [-0.008  0.008  0.005 -0.008  0.003 -0.   ]
 [ 0.005  0.007  0.     0.004 -0.001  0.001]
 [-0.     0.    -0.    -0.     0.    -0.   ]] 
----------------------------------------------------------------------------------------
   Fe1   Fe1   (  2,  -1,  -1)  0.0435   (-2.167, -2.167,  4.334)  5.308 
J_iso:  0.0435 
Orbital contributions:
 isotropic J:
 [[-0.021  0.008  0.01   0.     0.006  0.002]
 [ 0.007 -0.001  0.006  0.001  0.004  0.   ]
 [ 0.006  0.006 -0.     0.001  0.004  0.   ]
 [-0.     0.     0.    -0.002 -0.    -0.   ]
