==========================================================================================
Information: 
Exchange parameters generated by TB2J 0.8.2.3
Generation time: 24/03/14 20:23:01
 Input from collinear Wannier90 data.
 Tight binding data from ./. 
 Prefix of wannier function files:up/cri3_up and dn/cri3_dn.
Warning: Please check if the noise level of Wannier function Hamiltonian to make sure it is much smaller than the exchange values.

==========================================================================================
Cell (Angstrom):
6.81714342  0.00000000  0.00000000
-3.40857171  5.90381938  0.00000000
0.00000000  0.00000000  20.07837375

==========================================================================================
Atoms:  
(Note: charge and magmoms only count the wannier functions.)
Atom number        x             y             z       w_charge  w_magmom 
Cr1            -0.00000000    3.93587959    0.00000000    5.2674    3.1983
Cr2             3.40857171    1.96793979    0.00000000    5.2706    3.1977
I1             -1.20700161    2.09058812    1.54465550    5.2766   -0.0655
I2             -2.20157010    3.81323127   -1.54465490    5.1258   -0.0693
I3              1.20700161    2.09058812   -1.54465490    5.1193   -0.0697
I4              2.20157010    3.81323127    1.54465550    5.2792   -0.0649
I5              2.41400322    0.00000000    1.54465550    5.2068   -0.0774
I6              4.40314020    0.00000000   -1.54465490    5.4219   -0.0525
Total                                                    41.9675    5.9968

==========================================================================================
Orbitals used in decomposition: 
The name of the orbitals for the decomposition: 
Cr1 : ['orb_1', 'orb_2', 'orb_3', 'orb_4', 'orb_5', 'orb_6']
Cr2 : ['orb_1', 'orb_2', 'orb_3', 'orb_4', 'orb_5', 'orb_6']

==========================================================================================
Exchange: 
    i      j          R        J_iso(meV)          vector          distance(A) 
----------------------------------------------------------------------------------------
   Cr1   Cr2   (  0,   1,   0)  1.2055   ( 0.000,  3.936,  0.000)  3.936 
J_iso:  1.2055 
Orbital contributions:
 isotropic J:
 [[-0.002  0.117  0.006 -0.006 -0.04  -0.033]
 [-0.019 -0.023  1.265 -0.017 -0.646 -0.124]
 [-0.015  1.506 -0.006 -0.002  0.239 -0.054]
 [-0.003 -0.001  0.005 -0.411 -0.04  -0.095]
 [ 0.015 -0.407  0.677 -0.032 -0.268 -0.002]
 [-0.002 -0.158  0.205 -0.06  -0.07  -0.294]] 
----------------------------------------------------------------------------------------
   Cr2   Cr1   (  0,  -1,   0)  1.2055   (-0.000, -3.936,  0.000)  3.936 
J_iso:  1.2055 
Orbital contributions:
 isotropic J:
 [[-0.002 -0.019 -0.015 -0.003  0.015 -0.002]
 [ 0.117 -0.023  1.506 -0.001 -0.407 -0.158]
 [ 0.006  1.265 -0.006  0.005  0.677  0.205]
 [-0.006 -0.017 -0.002 -0.411 -0.032 -0.06 ]
 [-0.04  -0.646  0.239 -0.04  -0.268 -0.07 ]
 [-0.033 -0.124 -0.054 -0.095 -0.002 -0.294]] 
----------------------------------------------------------------------------------------
   Cr1   Cr2   ( -1,   0,   0)  1.3509   (-3.409, -1.968,  0.000)  3.936 
J_iso:  1.3509 
Orbital contributions:
 isotropic J:
 [[ 0.019  0.248  0.024  0.014  0.935  0.086]
 [-0.001 -0.631  0.077  0.108 -0.617 -0.502]
 [ 0.005  0.087 -0.356  0.231  0.113  0.007]
 [ 0.009  0.184 -0.071 -0.03   0.923  0.014]
 [-0.001 -0.198  0.09   0.011  0.184 -0.207]
 [ 0.005 -0.494  0.334  0.587  0.043  0.121]] 
----------------------------------------------------------------------------------------
   Cr2   Cr1   (  1,   0,   0)  1.3509   ( 3.409,  1.968,  0.000)  3.936 
J_iso:  1.3509 
Orbital contributions:
 isotropic J:
 [[ 0.019 -0.001  0.005  0.009 -0.001  0.005]
 [ 0.248 -0.631  0.087  0.184 -0.198 -0.494]
 [ 0.024  0.077 -0.356 -0.071  0.09   0.334]
 [ 0.014  0.108  0.231 -0.03   0.011  0.587]
 [ 0.935 -0.617  0.113  0.923  0.184  0.043]
 [ 0.086 -0.502  0.007  0.014 -0.207  0.121]] 
----------------------------------------------------------------------------------------
   Cr1   Cr2   (  0,   0,   0)  1.3792   ( 3.409, -1.968,  0.000)  3.936 
J_iso:  1.3792 
Orbital contributions:
 isotropic J:
 [[ 0.018 -0.006  0.     0.021 -0.     0.002]
 [ 0.464 -0.124  0.219  0.616 -0.17  -0.581]
 [-0.01   0.014 -0.31  -0.01  -0.009  0.237]
 [-0.069  0.155 -0.045  0.058  0.037  0.955]
 [ 0.497 -0.958  0.124  0.623 -0.043  0.288]
 [-0.002 -0.309 -0.044 -0.028 -0.099 -0.133]] 
----------------------------------------------------------------------------------------
   Cr2   Cr1   (  0,   0,   0)  1.3792   (-3.409,  1.968,  0.000)  3.936 
J_iso:  1.3792 
Orbital contributions:
 isotropic J:
 [[ 0.018  0.464 -0.01  -0.069  0.497 -0.002]
 [-0.006 -0.124  0.014  0.155 -0.958 -0.309]
 [ 0.     0.219 -0.31  -0.045  0.124 -0.044]
 [ 0.021  0.616 -0.01   0.058  0.623 -0.028]
 [-0.    -0.17  -0.009  0.037 -0.043 -0.099]
 [ 0.002 -0.581  0.237  0.955  0.288 -0.133]] 
----------------------------------------------------------------------------------------
   Cr1   Cr1   (  0,  -1,   0)  0.8991   ( 3.409, -5.904,  0.000)  6.817 
J_iso:  0.8991 
Orbital contributions:
 isotropic J:
 [[ 0.     0.001  0.     0.006 -0.001 -0.002]
 [ 0.01  -0.059  0.006 -0.007 -0.018 -0.019]
 [ 0.005  0.003  0.039  0.083  0.035  0.109]
 [ 0.005  0.005  0.046  0.053  0.023  0.14 ]
 [ 0.013 -0.003 -0.002  0.001 -0.08   0.006]
 [-0.001 -0.034  0.017  0.395 -0.027  0.154]] 
----------------------------------------------------------------------------------------
   Cr1   Cr1   (  0,   1,   0)  0.8991   (-3.409,  5.904,  0.000)  6.817 
J_iso:  0.8991 
Orbital contributions:
 isotropic J:
 [[ 0.     0.01   0.005  0.005  0.013 -0.001]
 [ 0.001 -0.059  0.003  0.005 -0.003 -0.034]
 [ 0.     0.006  0.039  0.046 -0.002  0.017]
 [ 0.006 -0.007  0.083  0.053  0.001  0.395]
 [-0.001 -0.018  0.035  0.023 -0.08  -0.027]
 [-0.002 -0.019  0.109  0.14   0.006  0.154]] 
----------------------------------------------------------------------------------------
   Cr2   Cr2   (  0,   1,   0)  0.8816   (-3.409,  5.904,  0.000)  6.817 
J_iso:  0.8816 
Orbital contributions:
 isotropic J:
 [[-0.     0.009  0.    -0.001  0.001 -0.001]
 [-0.001 -0.016 -0.006  0.001 -0.003 -0.061]
 [-0.     0.033  0.     0.001  0.187  0.051]
 [ 0.001  0.     0.005  0.054  0.186  0.047]
 [ 0.001 -0.002  0.048  0.433  0.03  -0.075]
 [-0.001 -0.036  0.007  0.006 -0.018  0.   ]] 
----------------------------------------------------------------------------------------
   Cr2   Cr2   (  0,  -1,   0)  0.8816   ( 3.409, -5.904,  0.000)  6.817 
J_iso:  0.8816 
Orbital contributions:
 isotropic J:
 [[-0.    -0.001 -0.     0.001  0.001 -0.001]
 [ 0.009 -0.016  0.033  0.    -0.002 -0.036]
 [ 0.    -0.006  0.     0.005  0.048  0.007]
 [-0.001  0.001  0.001  0.054  0.433  0.006]
 [ 0.001 -0.003  0.187  0.186  0.03  -0.018]
 [-0.001 -0.061  0.051  0.047 -0.075  0.   ]] 
----------------------------------------------------------------------------------------
   Cr2   Cr2   (  1,   0,   0)  0.9004   ( 6.817,  0.000,  0.000)  6.817 
J_iso:  0.9004 
Orbital contributions:
 isotropic J:
 [[ 0.     0.     0.002  0.     0.001 -0.   ]
 [ 0.043  0.001  0.216  0.013  0.001 -0.005]
 [ 0.007  0.214 -0.002  0.001  0.234  0.031]
 [ 0.001  0.023 -0.    -0.     0.017 -0.008]
 [ 0.009 -0.01   0.138 -0.005  0.003 -0.033]
 [-0.001  0.006  0.145  0.    -0.131 -0.01 ]] 
----------------------------------------------------------------------------------------
   Cr1   Cr1   ( -1,   0,   0)  0.8972   (-6.817,  0.000,  0.000)  6.817 
J_iso:  0.8972 
Orbital contributions:
 isotropic J:
 [[ 0.     0.028  0.008  0.     0.018  0.003]
 [ 0.001 -0.     0.074 -0.001 -0.001  0.012]
 [ 0.001  0.122  0.022  0.001  0.174  0.167]
 [ 0.001  0.029  0.002 -0.    -0.007  0.008]
 [ 0.001  0.001  0.392  0.017 -0.003 -0.192]
 [ 0.    -0.012  0.057 -0.004 -0.042  0.024]] 
----------------------------------------------------------------------------------------
   Cr2   Cr2   ( -1,   0,   0)  0.9004   (-6.817,  0.000,  0.000)  6.817 
J_iso:  0.9004 
Orbital contributions:
 isotropic J:
 [[ 0.     0.043  0.007  0.001  0.009 -0.001]
 [ 0.     0.001  0.214  0.023 -0.01   0.006]
 [ 0.002  0.216 -0.002 -0.     0.138  0.145]
 [ 0.     0.013  0.001 -0.    -0.005  0.   ]
 [ 0.001  0.001  0.234  0.017  0.003 -0.131]
 [-0.    -0.005  0.031 -0.008 -0.033 -0.01 ]] 
----------------------------------------------------------------------------------------
   Cr1   Cr1   (  1,   0,   0)  0.8972   ( 6.817,  0.000,  0.000)  6.817 
J_iso:  0.8972 
Orbital contributions:
 isotropic J:
 [[ 0.     0.001  0.001  0.001  0.001  0.   ]
 [ 0.028 -0.     0.122  0.029  0.001 -0.012]
 [ 0.008  0.074  0.022  0.002  0.392  0.057]
 [ 0.    -0.001  0.001 -0.     0.017 -0.004]
 [ 0.018 -0.001  0.174 -0.007 -0.003 -0.042]
 [ 0.003  0.012  0.167  0.008 -0.192  0.024]] 
----------------------------------------------------------------------------------------
   Cr1   Cr1   ( -1,  -1,   0)  0.8830   (-3.409, -5.904,  0.000)  6.817 
J_iso:  0.8830 
Orbital contributions:
 isotropic J:
 [[-0.     0.001  0.001  0.008 -0.005  0.004]
 [ 0.     0.003 -0.027  0.04   0.032  0.004]
 [-0.004  0.091  0.003  0.011  0.102  0.008]
 [ 0.001  0.033  0.     0.065  0.219  0.007]
 [ 0.004  0.03   0.01   0.414 -0.026 -0.086]
 [ 0.003 -0.022 -0.     0.005  0.005 -0.051]] 
----------------------------------------------------------------------------------------
   Cr2   Cr2   ( -1,  -1,   0)  0.8972   (-3.409, -5.904,  0.000)  6.817 
J_iso:  0.8972 
Orbital contributions:
 isotropic J:
 [[ 0.     0.015 -0.003  0.001 -0.001  0.003]
 [ 0.    -0.024  0.023 -0.    -0.021 -0.015]
 [ 0.001 -0.007 -0.     0.004 -0.001  0.041]
 [ 0.01  -0.001  0.002  0.065  0.025  0.432]
 [-0.001 -0.047  0.005 -0.004 -0.068 -0.021]
 [-0.001 -0.022  0.207  0.257  0.003  0.041]] 
----------------------------------------------------------------------------------------
   Cr1   Cr1   (  1,   1,   0)  0.8830   ( 3.409,  5.904,  0.000)  6.817 
J_iso:  0.8830 
Orbital contributions:
 isotropic J:
 [[-0.     0.    -0.004  0.001  0.004  0.003]
 [ 0.001  0.003  0.091  0.033  0.03  -0.022]
 [ 0.001 -0.027  0.003  0.     0.01  -0.   ]
 [ 0.008  0.04   0.011  0.065  0.414  0.005]
 [-0.005  0.032  0.102  0.219 -0.026  0.005]
 [ 0.004  0.004  0.008  0.007 -0.086 -0.051]] 
----------------------------------------------------------------------------------------
   Cr2   Cr2   (  1,   1,   0)  0.8972   ( 3.409,  5.904,  0.000)  6.817 
J_iso:  0.8972 
Orbital contributions:
 isotropic J:
 [[ 0.     0.     0.001  0.01  -0.001 -0.001]
 [ 0.015 -0.024 -0.007 -0.001 -0.047 -0.022]
 [-0.003  0.023 -0.     0.002  0.005  0.207]
 [ 0.001 -0.     0.004  0.065 -0.004  0.257]
 [-0.001 -0.021 -0.001  0.025 -0.068  0.003]
 [ 0.003 -0.015  0.041  0.432 -0.021  0.041]] 
----------------------------------------------------------------------------------------
   Cr1   Cr2   ( -1,   1,   0) -0.1819   (-6.817,  3.936,  0.000)  7.872 
J_iso: -0.1819 
Orbital contributions:
 isotropic J:
 [[ 0.    -0.    -0.    -0.003  0.001  0.009]
 [-0.     0.003  0.001  0.003  0.002 -0.027]
 [ 0.001  0.002 -0.018 -0.007  0.003  0.008]
 [-0.    -0.001 -0.004  0.039  0.001  0.017]
 [-0.002 -0.     0.012  0.023 -0.002 -0.292]
 [ 0.001 -0.     0.008  0.002  0.043 -0.005]] 
----------------------------------------------------------------------------------------
   Cr2   Cr1   (  1,  -1,   0) -0.1819   ( 6.817, -3.936,  0.000)  7.872 
J_iso: -0.1819 
Orbital contributions:
 isotropic J:
 [[ 0.    -0.     0.001 -0.    -0.002  0.001]
 [-0.     0.003  0.002 -0.001 -0.    -0.   ]
 [-0.     0.001 -0.018 -0.004  0.012  0.008]
 [-0.003  0.003 -0.007  0.039  0.023  0.002]
 [ 0.001  0.002  0.003  0.001 -0.002  0.043]
 [ 0.009 -0.027  0.008  0.017 -0.292 -0.005]] 
----------------------------------------------------------------------------------------
   Cr1   Cr2   ( -1,  -1,   0) -0.1807   ( 0.000, -7.872,  0.000)  7.872 
J_iso: -0.1807 
Orbital contributions:
 isotropic J:
 [[-0.002  0.003  0.001 -0.005 -0.003 -0.003]
 [ 0.007 -0.03   0.009  0.    -0.017  0.002]
 [-0.001  0.017  0.022  0.     0.016  0.018]
 [-0.006  0.    -0.001 -0.031 -0.     0.004]
 [ 0.007 -0.046  0.03   0.003 -0.097 -0.013]
 [ 0.005 -0.024  0.011  0.002 -0.03  -0.029]] 
----------------------------------------------------------------------------------------
   Cr2   Cr1   (  1,   1,   0) -0.1807   (-0.000,  7.872,  0.000)  7.872 
J_iso: -0.1807 
Orbital contributions:
 isotropic J:
 [[-0.002  0.007 -0.001 -0.006  0.007  0.005]
 [ 0.003 -0.03   0.017  0.    -0.046 -0.024]
 [ 0.001  0.009  0.022 -0.001  0.03   0.011]
 [-0.005  0.     0.    -0.031  0.003  0.002]
 [-0.003 -0.017  0.016 -0.    -0.097 -0.03 ]
 [-0.003  0.002  0.018  0.004 -0.013 -0.029]] 
----------------------------------------------------------------------------------------
   Cr2   Cr1   ( -1,  -1,   0) -0.1825   (-6.817, -3.936,  0.000)  7.872 
J_iso: -0.1825 
Orbital contributions:
 isotropic J:
 [[ 0.    -0.     0.    -0.003  0.     0.009]
 [-0.     0.001  0.002  0.     0.004  0.002]
 [ 0.001  0.001 -0.006 -0.007  0.008  0.01 ]
 [-0.    -0.003 -0.008  0.036  0.004  0.015]
 [-0.002 -0.006  0.02   0.016 -0.021 -0.255]
 [-0.    -0.002 -0.001  0.007  0.035 -0.038]] 
----------------------------------------------------------------------------------------
   Cr1   Cr2   (  1,   1,   0) -0.1825   ( 6.817,  3.936,  0.000)  7.872 
J_iso: -0.1825 
Orbital contributions:
 isotropic J:
 [[ 0.    -0.     0.001 -0.    -0.002 -0.   ]
 [-0.     0.001  0.001 -0.003 -0.006 -0.002]
 [ 0.     0.002 -0.006 -0.008  0.02  -0.001]
 [-0.003  0.    -0.007  0.036  0.016  0.007]
 [ 0.     0.004  0.008  0.004 -0.021  0.035]
 [ 0.009  0.002  0.01   0.015 -0.255 -0.038]] 
----------------------------------------------------------------------------------------
   Cr2   Cr1   (  0,  -2,   0) -0.0002   ( 3.409, -9.840,  0.000) 10.413 
J_iso: -0.0002 
Orbital contributions:
 isotropic J:
 [[ 0.    -0.     0.    -0.     0.    -0.   ]
 [-0.     0.001  0.001  0.008 -0.007 -0.014]
 [-0.     0.008 -0.002  0.002  0.007  0.001]
 [-0.001  0.009  0.001  0.003 -0.001 -0.002]
 [-0.    -0.009  0.001 -0.    -0.004 -0.006]
 [ 0.    -0.005  0.01   0.    -0.002  0.001]] 
----------------------------------------------------------------------------------------
   Cr1   Cr2   (  0,   2,   0) -0.0002   (-3.409,  9.840,  0.000) 10.413 
J_iso: -0.0002 
Orbital contributions:
 isotropic J:
 [[ 0.    -0.    -0.    -0.001 -0.     0.   ]
 [-0.     0.001  0.008  0.009 -0.009 -0.005]
 [ 0.     0.001 -0.002  0.001  0.001  0.01 ]
 [-0.     0.008  0.002  0.003 -0.     0.   ]
 [ 0.    -0.007  0.007 -0.001 -0.004 -0.002]
 [-0.    -0.014  0.001 -0.002 -0.006  0.001]] 
----------------------------------------------------------------------------------------
   Cr1   Cr2   ( -2,   0,   0)  0.0033   (-10.226, -1.968,  0.000) 10.413 
J_iso:  0.0033 
Orbital contributions:
 isotropic J:
 [[ 0.     0.    -0.     0.001 -0.001  0.004]
 [ 0.    -0.003  0.007 -0.     0.    -0.004]
 [-0.001  0.003 -0.    -0.001  0.009  0.009]
 [ 0.     0.    -0.001 -0.001 -0.     0.002]
 [-0.    -0.011  0.008  0.003 -0.006  0.001]
 [-0.    -0.002  0.004 -0.    -0.014 -0.003]] 
----------------------------------------------------------------------------------------
   Cr2   Cr1   (  2,   0,   0)  0.0033   (10.226,  1.968,  0.000) 10.413 
J_iso:  0.0033 
Orbital contributions:
 isotropic J:
 [[ 0.     0.    -0.001  0.    -0.    -0.   ]
 [ 0.    -0.003  0.003  0.    -0.011 -0.002]
 [-0.     0.007 -0.    -0.001  0.008  0.004]
 [ 0.001 -0.    -0.001 -0.001  0.003 -0.   ]
 [-0.001  0.     0.009 -0.    -0.006 -0.014]
 [ 0.004 -0.004  0.009  0.002  0.001 -0.003]] 
----------------------------------------------------------------------------------------
   Cr2   Cr1   ( -1,  -2,   0)  0.0000   (-3.409, -9.840,  0.000) 10.413 
J_iso:  0.0000 
Orbital contributions:
 isotropic J:
 [[ 0.     0.    -0.    -0.001 -0.001  0.   ]
 [ 0.    -0.001  0.001  0.01  -0.014 -0.003]
 [ 0.     0.001  0.     0.001  0.004  0.007]
 [-0.     0.006 -0.001  0.002  0.002  0.003]
 [-0.    -0.004  0.007  0.001 -0.001  0.   ]
 [ 0.    -0.013  0.005 -0.    -0.007 -0.003]] 
----------------------------------------------------------------------------------------
   Cr1   Cr2   (  1,   2,   0)  0.0000   ( 3.409,  9.840,  0.000) 10.413 
J_iso:  0.0000 
Orbital contributions:
 isotropic J:
 [[ 0.     0.     0.    -0.    -0.     0.   ]
 [ 0.    -0.001  0.001  0.006 -0.004 -0.013]
 [-0.     0.001  0.    -0.001  0.007  0.005]
 [-0.001  0.01   0.001  0.002  0.001 -0.   ]
 [-0.001 -0.014  0.004  0.002 -0.001 -0.007]
 [ 0.    -0.003  0.007  0.003  0.    -0.003]] 
----------------------------------------------------------------------------------------
   Cr1   Cr2   ( -2,  -1,   0) -0.0022   (-6.817, -7.872,  0.000) 10.413 
J_iso: -0.0022 
Orbital contributions:
 isotropic J:
 [[ 0.     0.    -0.001  0.     0.001 -0.   ]
 [-0.     0.002  0.001  0.011 -0.004 -0.004]
 [ 0.     0.001 -0.    -0.002  0.    -0.002]
 [ 0.     0.018 -0.002  0.001  0.     0.006]
 [-0.    -0.006 -0.003  0.015 -0.016  0.   ]
 [-0.     0.     0.    -0.    -0.001 -0.018]] 
----------------------------------------------------------------------------------------
   Cr2   Cr1   (  2,   1,   0) -0.0022   ( 6.817,  7.872,  0.000) 10.413 
J_iso: -0.0022 
Orbital contributions:
 isotropic J:
 [[ 0.    -0.     0.     0.    -0.    -0.   ]
 [ 0.     0.002  0.001  0.018 -0.006  0.   ]
 [-0.001  0.001 -0.    -0.002 -0.003  0.   ]
 [ 0.     0.011 -0.002  0.001  0.015 -0.   ]
 [ 0.001 -0.004  0.     0.    -0.016 -0.001]
 [-0.    -0.004 -0.002  0.006  0.    -0.018]] 
----------------------------------------------------------------------------------------
   Cr1   Cr2   (  0,  -1,   0) -0.0019   ( 6.817, -7.872,  0.000) 10.413 
J_iso: -0.0019 
Orbital contributions:
 isotropic J:
 [[-0.    -0.    -0.    -0.     0.    -0.   ]
 [ 0.001 -0.     0.003  0.018 -0.012 -0.   ]
 [-0.001  0.    -0.    -0.    -0.002  0.001]
 [ 0.     0.015 -0.002  0.002  0.006  0.   ]
 [ 0.001  0.    -0.001  0.001 -0.009 -0.002]
 [-0.001 -0.003 -0.003  0.004 -0.003 -0.016]] 
----------------------------------------------------------------------------------------
   Cr2   Cr1   (  0,   1,   0) -0.0019   (-6.817,  7.872,  0.000) 10.413 
J_iso: -0.0019 
Orbital contributions:
 isotropic J:
 [[-0.     0.001 -0.001  0.     0.001 -0.001]
 [-0.    -0.     0.     0.015  0.    -0.003]
 [-0.     0.003 -0.    -0.002 -0.001 -0.003]
 [-0.     0.018 -0.     0.002  0.001  0.004]
 [ 0.    -0.012 -0.002  0.006 -0.009 -0.003]
 [-0.    -0.     0.001  0.    -0.002 -0.016]] 
----------------------------------------------------------------------------------------
   Cr2   Cr1   ( -1,   0,   0)  0.0033   (-10.226,  1.968,  0.000) 10.413 
J_iso:  0.0033 
Orbital contributions:
 isotropic J:
 [[ 0.     0.     0.     0.001 -0.002  0.004]
 [ 0.    -0.009  0.004 -0.    -0.    -0.005]
 [-0.001  0.004  0.004 -0.     0.001  0.01 ]
 [ 0.    -0.    -0.001 -0.001 -0.     0.004]
 [-0.    -0.01   0.017  0.005 -0.005 -0.001]
 [-0.    -0.001  0.003  0.    -0.009 -0.01 ]] 
----------------------------------------------------------------------------------------
   Cr1   Cr2   (  1,   0,   0)  0.0033   (10.226, -1.968,  0.000) 10.413 
J_iso:  0.0033 
Orbital contributions:
 isotropic J:
 [[ 0.     0.    -0.001  0.    -0.    -0.   ]
 [ 0.    -0.009  0.004 -0.    -0.01  -0.001]
 [ 0.     0.004  0.004 -0.001  0.017  0.003]
 [ 0.001 -0.    -0.    -0.001  0.005  0.   ]
 [-0.002 -0.     0.001 -0.    -0.005 -0.009]
 [ 0.004 -0.005  0.01   0.004 -0.001 -0.01 ]] 
----------------------------------------------------------------------------------------
   Cr1   Cr1   ( -1,   1,   0) -0.0297   (-10.226,  5.904,  0.000) 11.808 
J_iso: -0.0297 
Orbital contributions:
 isotropic J:
 [[ 0.     0.     0.    -0.001  0.    -0.   ]
 [-0.    -0.001  0.001  0.001 -0.001  0.   ]
 [-0.     0.001 -0.012 -0.005 -0.001  0.002]
 [-0.    -0.001 -0.005  0.001  0.     0.002]
 [-0.    -0.013  0.001  0.009 -0.006 -0.   ]
 [ 0.    -0.     0.    -0.    -0.    -0.002]] 
----------------------------------------------------------------------------------------
   Cr2   Cr2   ( -1,   1,   0) -0.0299   (-10.226,  5.904,  0.000) 11.808 
J_iso: -0.0299 
Orbital contributions:
 isotropic J:
 [[ 0.    -0.     0.    -0.002 -0.     0.002]
 [-0.    -0.     0.001 -0.001  0.    -0.006]
 [ 0.     0.    -0.015 -0.006  0.     0.002]
 [ 0.     0.    -0.005  0.001  0.     0.007]
 [-0.     0.     0.001  0.002  0.001 -0.001]
 [-0.    -0.    -0.001  0.    -0.    -0.012]] 
----------------------------------------------------------------------------------------
   Cr2   Cr2   (  1,  -1,   0) -0.0299   (10.226, -5.904,  0.000) 11.808 
J_iso: -0.0299 
Orbital contributions:
 isotropic J:
 [[ 0.    -0.     0.     0.    -0.    -0.   ]
 [-0.    -0.     0.     0.     0.    -0.   ]
 [ 0.     0.001 -0.015 -0.005  0.001 -0.001]
 [-0.002 -0.001 -0.006  0.001  0.002  0.   ]
 [-0.     0.     0.     0.     0.001 -0.   ]
 [ 0.002 -0.006  0.002  0.007 -0.001 -0.012]] 
----------------------------------------------------------------------------------------
   Cr1   Cr1   (  1,  -1,   0) -0.0297   (10.226, -5.904,  0.000) 11.808 
J_iso: -0.0297 
Orbital contributions:
 isotropic J:
 [[ 0.    -0.    -0.    -0.    -0.     0.   ]
 [ 0.    -0.001  0.001 -0.001 -0.013 -0.   ]
 [ 0.     0.001 -0.012 -0.005  0.001  0.   ]
 [-0.001  0.001 -0.005  0.001  0.009 -0.   ]
 [ 0.    -0.001 -0.001  0.    -0.006 -0.   ]
 [-0.     0.     0.002  0.002 -0.    -0.002]] 
----------------------------------------------------------------------------------------
   Cr1   Cr1   ( -1,  -2,   0) -0.0322   (-0.000, -11.808,  0.000) 11.808 
J_iso: -0.0322 
Orbital contributions:
 isotropic J:
 [[-0.    -0.     0.    -0.001 -0.    -0.   ]
 [ 0.    -0.002  0.003 -0.    -0.001  0.001]
 [-0.     0.    -0.     0.     0.001 -0.001]
 [-0.     0.    -0.    -0.025  0.002  0.002]
 [ 0.    -0.01   0.006  0.    -0.001 -0.001]
 [ 0.    -0.004  0.001  0.001 -0.003  0.001]] 
----------------------------------------------------------------------------------------
   Cr2   Cr2   ( -1,  -2,   0) -0.0321   (-0.000, -11.808,  0.000) 11.808 
J_iso: -0.0321 
Orbital contributions:
 isotropic J:
 [[-0.     0.    -0.    -0.     0.    -0.   ]
 [ 0.001 -0.006  0.001 -0.    -0.012 -0.005]
 [-0.001  0.006 -0.001  0.     0.005  0.003]
 [-0.001  0.    -0.    -0.024  0.     0.   ]
 [ 0.    -0.    -0.     0.001 -0.    -0.001]
 [-0.     0.    -0.     0.002 -0.001 -0.   ]] 
----------------------------------------------------------------------------------------
   Cr1   Cr1   (  1,   2,   0) -0.0322   ( 0.000, 11.808,  0.000) 11.808 
J_iso: -0.0322 
Orbital contributions:
 isotropic J:
 [[-0.     0.    -0.    -0.     0.     0.   ]
 [-0.    -0.002  0.     0.    -0.01  -0.004]
 [ 0.     0.003 -0.    -0.     0.006  0.001]
 [-0.001 -0.     0.    -0.025  0.     0.001]
 [-0.    -0.001  0.001  0.002 -0.001 -0.003]
 [-0.     0.001 -0.001  0.002 -0.001  0.001]] 
----------------------------------------------------------------------------------------
   Cr2   Cr2   (  1,   2,   0) -0.0321   ( 0.000, 11.808,  0.000) 11.808 
J_iso: -0.0321 
Orbital contributions:
 isotropic J:
 [[-0.     0.001 -0.001 -0.001  0.    -0.   ]
 [ 0.    -0.006  0.006  0.    -0.     0.   ]
 [-0.     0.001 -0.001 -0.    -0.    -0.   ]
 [-0.    -0.     0.    -0.024  0.001  0.002]
 [ 0.    -0.012  0.005  0.    -0.    -0.001]
 [-0.    -0.005  0.003  0.    -0.001 -0.   ]] 
----------------------------------------------------------------------------------------
   Cr1   Cr1   ( -2,  -1,   0) -0.0300   (-10.226, -5.904,  0.000) 11.808 
J_iso: -0.0300 
Orbital contributions:
 isotropic J:
 [[ 0.     0.     0.001 -0.002  0.     0.002]
 [-0.    -0.    -0.001 -0.    -0.    -0.004]
 [ 0.     0.    -0.008 -0.008  0.001 -0.002]
 [ 0.    -0.    -0.008  0.001 -0.     0.008]
 [-0.     0.     0.001  0.001  0.002 -0.001]
 [-0.    -0.    -0.002  0.    -0.002 -0.009]] 
----------------------------------------------------------------------------------------
   Cr2   Cr2   ( -2,  -1,   0) -0.0297   (-10.226, -5.904,  0.000) 11.808 
J_iso: -0.0297 
Orbital contributions:
 isotropic J:
 [[ 0.     0.    -0.    -0.001  0.    -0.   ]
 [-0.    -0.     0.     0.     0.     0.   ]
 [-0.     0.001 -0.011 -0.007 -0.001  0.001]
 [-0.    -0.001 -0.007  0.001  0.001  0.001]
 [-0.    -0.007  0.002  0.009 -0.01  -0.   ]
 [ 0.    -0.001  0.001  0.    -0.002  0.001]] 
----------------------------------------------------------------------------------------
   Cr1   Cr1   (  2,   1,   0) -0.0300   (10.226,  5.904,  0.000) 11.808 
J_iso: -0.0300 
Orbital contributions:
 isotropic J:
 [[ 0.    -0.     0.     0.    -0.    -0.   ]
 [ 0.    -0.     0.    -0.     0.    -0.   ]
 [ 0.001 -0.001 -0.008 -0.008  0.001 -0.002]
 [-0.002 -0.    -0.008  0.001  0.001  0.   ]
 [ 0.    -0.     0.001 -0.     0.002 -0.002]
 [ 0.002 -0.004 -0.002  0.008 -0.001 -0.009]] 
----------------------------------------------------------------------------------------
   Cr2   Cr2   (  2,   1,   0) -0.0297   (10.226,  5.904,  0.000) 11.808 
J_iso: -0.0297 
Orbital contributions:
 isotropic J:
 [[ 0.    -0.    -0.    -0.    -0.     0.   ]
 [ 0.    -0.     0.001 -0.001 -0.007 -0.001]
 [-0.     0.    -0.011 -0.007  0.002  0.001]
 [-0.001  0.    -0.007  0.001  0.009  0.   ]
 [ 0.     0.    -0.001  0.001 -0.01  -0.002]
 [-0.     0.     0.001  0.001 -0.     0.001]] 
----------------------------------------------------------------------------------------
   Cr1   Cr1   (  0,  -2,   0) -0.0080   ( 6.817, -11.808,  0.000) 13.634 
J_iso: -0.0080 
Orbital contributions:
 isotropic J:
 [[-0.    -0.    -0.     0.     0.     0.   ]
 [-0.    -0.001 -0.    -0.    -0.    -0.   ]
 [ 0.    -0.     0.    -0.     0.    -0.   ]
 [ 0.    -0.001 -0.002  0.    -0.    -0.   ]
 [ 0.    -0.     0.    -0.     0.    -0.   ]
 [-0.     0.    -0.    -0.     0.    -0.002]] 
----------------------------------------------------------------------------------------
   Cr2   Cr2   (  0,  -2,   0) -0.0086   ( 6.817, -11.808,  0.000) 13.634 
J_iso: -0.0086 
Orbital contributions:
 isotropic J:
 [[-0.    -0.    -0.     0.     0.     0.   ]
 [-0.    -0.001 -0.    -0.     0.    -0.   ]
 [-0.    -0.     0.    -0.002  0.     0.   ]
 [-0.    -0.    -0.001  0.    -0.    -0.001]
 [-0.    -0.     0.    -0.    -0.002 -0.   ]
 [-0.     0.    -0.    -0.     0.    -0.   ]] 
----------------------------------------------------------------------------------------
   Cr1   Cr1   (  0,   2,   0) -0.0080   (-6.817, 11.808,  0.000) 13.634 
J_iso: -0.0080 
Orbital contributions:
 isotropic J:
 [[-0.    -0.     0.     0.     0.    -0.   ]
 [-0.    -0.001 -0.    -0.001 -0.     0.   ]
 [-0.    -0.     0.    -0.002  0.    -0.   ]
 [ 0.    -0.    -0.     0.    -0.    -0.   ]
 [ 0.    -0.     0.    -0.     0.     0.   ]
 [ 0.    -0.    -0.    -0.    -0.    -0.002]] 
----------------------------------------------------------------------------------------
   Cr2   Cr2   (  0,   2,   0) -0.0086   (-6.817, 11.808,  0.000) 13.634 
J_iso: -0.0086 
Orbital contributions:
 isotropic J:
 [[-0.    -0.    -0.    -0.    -0.    -0.   ]
 [-0.    -0.001 -0.    -0.    -0.     0.   ]
 [-0.    -0.     0.    -0.001  0.    -0.   ]
 [ 0.    -0.    -0.002  0.    -0.    -0.   ]
 [ 0.     0.     0.    -0.    -0.002  0.   ]
 [ 0.    -0.     0.    -0.001 -0.    -0.   ]] 
----------------------------------------------------------------------------------------
   Cr1   Cr1   ( -2,   0,   0) -0.0086   (-13.634,  0.000,  0.000) 13.634 
J_iso: -0.0086 
Orbital contributions:
 isotropic J:
 [[-0.    -0.    -0.    -0.    -0.    -0.   ]
 [ 0.    -0.    -0.    -0.     0.     0.   ]
 [-0.    -0.     0.001 -0.001 -0.    -0.001]
 [ 0.     0.    -0.001 -0.     0.     0.   ]
 [-0.     0.    -0.001 -0.    -0.001  0.   ]
 [-0.    -0.    -0.001  0.    -0.001 -0.001]] 
----------------------------------------------------------------------------------------
   Cr2   Cr2   ( -2,   0,   0) -0.0086   (-13.634,  0.000,  0.000) 13.634 
J_iso: -0.0086 
Orbital contributions:
 isotropic J:
 [[-0.    -0.    -0.    -0.    -0.    -0.   ]
 [ 0.    -0.001 -0.    -0.    -0.    -0.   ]
 [-0.    -0.     0.001 -0.001 -0.    -0.001]
 [ 0.    -0.    -0.001 -0.     0.    -0.   ]
 [-0.     0.    -0.001 -0.    -0.003 -0.   ]
 [ 0.     0.    -0.     0.    -0.001 -0.001]] 
----------------------------------------------------------------------------------------
   Cr2   Cr2   (  2,   0,   0) -0.0086   (13.634,  0.000,  0.000) 13.634 
J_iso: -0.0086 
Orbital contributions:
 isotropic J:
 [[-0.     0.    -0.     0.    -0.     0.   ]
 [-0.    -0.001 -0.    -0.     0.     0.   ]
 [-0.    -0.     0.001 -0.001 -0.001 -0.   ]
 [-0.    -0.    -0.001 -0.    -0.     0.   ]
 [-0.    -0.    -0.     0.    -0.003 -0.001]
 [-0.    -0.    -0.001 -0.    -0.    -0.001]] 
----------------------------------------------------------------------------------------
   Cr1   Cr1   (  2,   0,   0) -0.0086   (13.634,  0.000,  0.000) 13.634 
J_iso: -0.0086 
Orbital contributions:
 isotropic J:
 [[-0.     0.    -0.     0.    -0.    -0.   ]
 [-0.    -0.    -0.     0.     0.    -0.   ]
 [-0.    -0.     0.001 -0.001 -0.001 -0.001]
 [-0.    -0.    -0.001 -0.    -0.     0.   ]
 [-0.     0.    -0.     0.    -0.001 -0.001]
 [-0.     0.    -0.001  0.     0.    -0.001]] 
----------------------------------------------------------------------------------------
   Cr2   Cr2   (  2,   2,   0) -0.0080   ( 6.817, 11.808,  0.000) 13.634 
J_iso: -0.0080 
Orbital contributions:
 isotropic J:
 [[-0.    -0.     0.     0.    -0.     0.   ]
 [-0.    -0.001 -0.    -0.     0.    -0.   ]
 [ 0.    -0.     0.    -0.001 -0.     0.   ]
 [ 0.    -0.001 -0.002  0.    -0.    -0.001]
 [ 0.    -0.     0.    -0.     0.     0.   ]
 [ 0.    -0.     0.    -0.     0.    -0.003]] 
----------------------------------------------------------------------------------------
   Cr1   Cr1   ( -2,  -2,   0) -0.0086   (-6.817, -11.808,  0.000) 13.634 
J_iso: -0.0086 
Orbital contributions:
 isotropic J:
 [[ 0.    -0.    -0.    -0.    -0.     0.   ]
 [ 0.    -0.001 -0.    -0.    -0.    -0.   ]
 [-0.     0.     0.    -0.001  0.    -0.   ]
 [-0.    -0.    -0.001  0.    -0.001 -0.001]
 [ 0.     0.     0.    -0.    -0.003  0.   ]
 [ 0.    -0.    -0.    -0.    -0.     0.   ]] 
----------------------------------------------------------------------------------------
   Cr2   Cr2   ( -2,  -2,   0) -0.0080   (-6.817, -11.808,  0.000) 13.634 
J_iso: -0.0080 
Orbital contributions:
 isotropic J:
 [[-0.    -0.     0.     0.     0.     0.   ]
 [-0.    -0.001 -0.    -0.001 -0.    -0.   ]
 [ 0.    -0.     0.    -0.002  0.     0.   ]
 [ 0.    -0.    -0.001  0.    -0.    -0.   ]
 [-0.     0.    -0.    -0.     0.     0.   ]
 [ 0.    -0.     0.    -0.001  0.    -0.003]] 
----------------------------------------------------------------------------------------
   Cr1   Cr1   (  2,   2,   0) -0.0086   ( 6.817, 11.808,  0.000) 13.634 
J_iso: -0.0086 
Orbital contributions:
 isotropic J:
 [[ 0.     0.    -0.    -0.     0.     0.   ]
 [-0.    -0.001  0.    -0.     0.    -0.   ]
 [-0.    -0.     0.    -0.001  0.    -0.   ]
 [-0.    -0.    -0.001  0.    -0.    -0.   ]
 [-0.    -0.     0.    -0.001 -0.003 -0.   ]
 [ 0.    -0.    -0.    -0.001  0.     0.   ]] 
----------------------------------------------------------------------------------------
   Cr1   Cr2   ( -1,   2,   0)  0.0001   (-10.226,  9.840,  0.000) 14.191 
J_iso:  0.0001 
Orbital contributions:
 isotropic J:
 [[ 0.     0.     0.    -0.     0.     0.   ]
 [-0.     0.     0.    -0.    -0.     0.   ]
 [ 0.     0.001 -0.     0.     0.    -0.   ]
 [ 0.    -0.    -0.     0.    -0.     0.   ]
 [ 0.    -0.     0.001  0.    -0.001  0.   ]
 [-0.    -0.    -0.    -0.    -0.    -0.001]] 
----------------------------------------------------------------------------------------
   Cr2   Cr1   (  1,  -2,   0)  0.0001   (10.226, -9.840,  0.000) 14.191 
J_iso:  0.0001 
Orbital contributions:
 isotropic J:
 [[ 0.    -0.     0.     0.     0.    -0.   ]
 [ 0.     0.     0.001 -0.    -0.    -0.   ]
 [ 0.     0.    -0.    -0.     0.001 -0.   ]
 [-0.    -0.     0.     0.     0.    -0.   ]
 [ 0.    -0.     0.    -0.    -0.001 -0.   ]
 [ 0.     0.    -0.     0.     0.    -0.001]] 
----------------------------------------------------------------------------------------
   Cr2   Cr1   (  2,  -1,   0)  0.0001   (13.634, -3.936,  0.000) 14.191 
J_iso:  0.0001 
Orbital contributions:
 isotropic J:
 [[-0.     0.    -0.     0.    -0.    -0.   ]
 [-0.    -0.    -0.     0.    -0.    -0.   ]
 [ 0.     0.    -0.    -0.    -0.     0.   ]
 [-0.    -0.     0.     0.     0.     0.001]
 [ 0.    -0.     0.     0.001 -0.001 -0.   ]
 [ 0.     0.    -0.     0.     0.    -0.001]] 
----------------------------------------------------------------------------------------
   Cr1   Cr2   ( -2,   1,   0)  0.0001   (-13.634,  3.936,  0.000) 14.191 
J_iso:  0.0001 
Orbital contributions:
 isotropic J:
 [[-0.    -0.     0.    -0.     0.     0.   ]
 [ 0.    -0.     0.    -0.    -0.     0.   ]
 [-0.    -0.    -0.     0.     0.    -0.   ]
 [ 0.     0.    -0.     0.     0.001  0.   ]
 [-0.    -0.    -0.     0.    -0.001  0.   ]
 [-0.    -0.     0.     0.001 -0.    -0.001]] 
----------------------------------------------------------------------------------------
   Cr1   Cr2   ( -1,  -2,   0)  0.0002   ( 3.409, -13.776,  0.000) 14.191 
J_iso:  0.0002 
Orbital contributions:
 isotropic J:
 [[ 0.     0.    -0.    -0.     0.     0.   ]
 [-0.     0.     0.    -0.     0.    -0.   ]
 [-0.     0.    -0.     0.    -0.     0.   ]
 [-0.    -0.     0.     0.    -0.001  0.002]
 [-0.    -0.     0.     0.002  0.    -0.001]
 [-0.    -0.    -0.    -0.001 -0.001 -0.   ]] 
----------------------------------------------------------------------------------------
   Cr2   Cr1   (  1,   2,   0)  0.0002   (-3.409, 13.776,  0.000) 14.191 
J_iso:  0.0002 
Orbital contributions:
 isotropic J:
 [[ 0.    -0.    -0.    -0.    -0.    -0.   ]
 [ 0.     0.     0.    -0.    -0.    -0.   ]
 [-0.     0.    -0.     0.     0.    -0.   ]
 [-0.    -0.     0.     0.     0.002 -0.001]
 [ 0.     0.    -0.    -0.001  0.    -0.001]
 [ 0.    -0.     0.     0.002 -0.001 -0.   ]] 
----------------------------------------------------------------------------------------
   Cr1   Cr2   ( -2,  -2,   0)  0.0002   (-3.409, -13.776,  0.000) 14.191 
J_iso:  0.0002 
Orbital contributions:
 isotropic J:
 [[ 0.    -0.    -0.     0.    -0.    -0.   ]
 [-0.     0.     0.     0.    -0.     0.   ]
 [ 0.     0.    -0.     0.    -0.    -0.   ]
 [ 0.    -0.     0.    -0.     0.002 -0.001]
 [ 0.     0.     0.    -0.001 -0.    -0.001]
 [ 0.    -0.     0.     0.001 -0.001 -0.   ]] 
----------------------------------------------------------------------------------------
   Cr2   Cr1   (  2,   2,   0)  0.0002   ( 3.409, 13.776,  0.000) 14.191 
J_iso:  0.0002 
Orbital contributions:
 isotropic J:
 [[ 0.    -0.     0.     0.     0.     0.   ]
 [-0.     0.     0.    -0.     0.    -0.   ]
 [-0.     0.    -0.     0.     0.     0.   ]
 [ 0.     0.     0.    -0.    -0.001  0.001]
 [-0.    -0.    -0.     0.002 -0.    -0.001]
 [-0.     0.    -0.    -0.001 -0.001 -0.   ]] 
----------------------------------------------------------------------------------------
   Cr2   Cr1   ( -2,  -2,   0)  0.0001   (-10.226, -9.840,  0.000) 14.191 
J_iso:  0.0001 
Orbital contributions:
 isotropic J:
 [[ 0.     0.     0.    -0.     0.    -0.   ]
 [-0.     0.     0.001 -0.     0.    -0.   ]
 [ 0.     0.    -0.     0.     0.     0.   ]
 [ 0.     0.    -0.     0.    -0.001  0.   ]
 [ 0.     0.     0.001  0.    -0.     0.   ]
 [-0.     0.     0.    -0.001 -0.001 -0.001]] 
----------------------------------------------------------------------------------------
   Cr1   Cr2   (  2,   2,   0)  0.0001   (10.226,  9.840,  0.000) 14.191 
J_iso:  0.0001 
Orbital contributions:
 isotropic J:
 [[ 0.    -0.     0.     0.     0.    -0.   ]
 [ 0.     0.     0.     0.     0.     0.   ]
 [ 0.     0.001 -0.    -0.     0.001  0.   ]
 [-0.    -0.     0.     0.     0.    -0.001]
 [ 0.     0.     0.    -0.001 -0.    -0.001]
 [-0.    -0.     0.     0.     0.    -0.001]] 
----------------------------------------------------------------------------------------
   Cr2   Cr1   ( -2,  -1,   0)  0.0001   (-13.634, -3.936,  0.000) 14.191 
J_iso:  0.0001 
Orbital contributions:
 isotropic J:
 [[-0.    -0.     0.    -0.     0.    -0.   ]
 [-0.    -0.    -0.    -0.    -0.    -0.   ]
 [-0.     0.     0.    -0.     0.    -0.   ]
 [ 0.     0.    -0.     0.     0.001 -0.   ]
 [-0.    -0.    -0.001  0.    -0.001 -0.   ]
 [-0.    -0.     0.     0.001 -0.    -0.   ]] 
----------------------------------------------------------------------------------------
   Cr1   Cr2   (  2,   1,   0)  0.0001   (13.634,  3.936,  0.000) 14.191 
J_iso:  0.0001 
Orbital contributions:
 isotropic J:
 [[-0.    -0.    -0.     0.    -0.    -0.   ]
 [-0.    -0.     0.     0.    -0.    -0.   ]
 [ 0.    -0.     0.    -0.    -0.001  0.   ]
 [-0.    -0.    -0.     0.     0.     0.001]
 [ 0.    -0.     0.     0.001 -0.001 -0.   ]
 [-0.    -0.    -0.    -0.    -0.    -0.   ]] 
----------------------------------------------------------------------------------------
   Cr2   Cr1   ( -1,  -3,   0) -0.0069   (-0.000, -15.744,  0.000) 15.744 
J_iso: -0.0069 
Orbital contributions:
 isotropic J:
 [[ 0.     0.     0.    -0.     0.    -0.   ]
 [ 0.    -0.001  0.001 -0.    -0.     0.   ]
 [-0.     0.001 -0.     0.     0.    -0.   ]
 [-0.     0.    -0.    -0.007  0.     0.   ]
 [ 0.    -0.     0.     0.    -0.    -0.   ]
 [-0.    -0.     0.     0.    -0.    -0.   ]] 
----------------------------------------------------------------------------------------
   Cr1   Cr2   (  1,   3,   0) -0.0069   ( 0.000, 15.744,  0.000) 15.744 
J_iso: -0.0069 
Orbital contributions:
 isotropic J:
 [[ 0.     0.    -0.    -0.     0.    -0.   ]
 [ 0.    -0.001  0.001  0.    -0.    -0.   ]
 [ 0.     0.001 -0.    -0.     0.     0.   ]
 [-0.    -0.     0.    -0.007  0.     0.   ]
 [ 0.    -0.     0.     0.    -0.    -0.   ]
 [-0.     0.    -0.     0.    -0.    -0.   ]] 
----------------------------------------------------------------------------------------
   Cr2   Cr1   (  3,   1,   0) -0.0065   (13.634,  7.872,  0.000) 15.744 
J_iso: -0.0065 
Orbital contributions:
 isotropic J:
 [[ 0.    -0.     0.    -0.    -0.    -0.   ]
 [ 0.    -0.     0.    -0.    -0.    -0.   ]
 [ 0.    -0.    -0.003 -0.002  0.    -0.   ]
 [-0.     0.    -0.002  0.     0.     0.   ]
 [ 0.    -0.    -0.     0.    -0.    -0.   ]
 [-0.     0.     0.     0.    -0.    -0.   ]] 
----------------------------------------------------------------------------------------
   Cr1   Cr2   ( -3,  -1,   0) -0.0065   (-13.634, -7.872,  0.000) 15.744 
J_iso: -0.0065 
Orbital contributions:
 isotropic J:
 [[ 0.     0.     0.    -0.     0.    -0.   ]
 [-0.    -0.    -0.     0.    -0.     0.   ]
 [ 0.     0.    -0.003 -0.002 -0.     0.   ]
 [-0.    -0.    -0.002  0.     0.     0.   ]
 [-0.    -0.     0.     0.    -0.    -0.   ]
 [-0.    -0.    -0.     0.    -0.    -0.   ]] 
----------------------------------------------------------------------------------------
   Cr2   Cr1   ( -1,   1,   0) -0.0065   (-13.634,  7.872,  0.000) 15.744 
J_iso: -0.0065 
Orbital contributions:
 isotropic J:
 [[ 0.     0.     0.    -0.     0.    -0.   ]
 [-0.    -0.     0.     0.    -0.    -0.   ]
 [-0.     0.    -0.003 -0.002 -0.     0.   ]
 [-0.     0.    -0.002  0.     0.     0.   ]
 [-0.    -0.     0.     0.    -0.    -0.001]
 [-0.    -0.     0.     0.    -0.    -0.   ]] 
----------------------------------------------------------------------------------------
   Cr1   Cr2   (  1,  -1,   0) -0.0065   (13.634, -7.872,  0.000) 15.744 
J_iso: -0.0065 
Orbital contributions:
 isotropic J:
 [[ 0.    -0.    -0.    -0.    -0.    -0.   ]
